0.0 360
0.207659 720
0.316982 1080
0.426304 1440
0.532314 1800
0.538938 2160
0.641637 2520
0.648261 2880
0.654885 3240
0.750959 3600
0.757583 3960
0.764207 4320
0.770831 4680
0.85697 5040
0.863594 5400
0.870218 5760
0.876842 6120
0.883466 6480
0.89009 6840
0.96298 7200
0.969604 7560
0.976228 7920
0.982852 8280
0.989476 8640
0.9961 9000
1.00272 9360
1.00935 9720
1.01597 10080
1.06899 10440
1.07561 10800
1.08224 11160
1.08886 11520
1.09549 11880
1.10211 12240
1.10873 12600
1.11536 12960
1.12198 13320
1.12861 13680
1.13523 14040
1.14185 14400
1.14848 14760
1.1551 15120
1.17831 15480
1.18494 15840
1.19156 16200
1.19818 16560
1.20481 16920
1.21143 17280
1.21806 17640
1.22468 18000
1.2313 18360
1.23793 18720
1.24455 19080
1.25118 19440
1.2578 19800
1.26442 20160
1.27105 20520
1.27767 20880
1.2843 21240
1.29092 21600
1.29754 21960
1.30417 22320
1.31079 22680
1.31742 23040
1.32404 23400
1.33066 23760
1.33729 24120
1.34391 24480
1.35054 24840
1.35716 25200
1.36378 25560
1.37041 25920
1.37703 26280
1.38366 26640
1.39028 27000
1.3969 27360
1.40353 27720
1.41015 28080
1.41678 28440
1.4234 28800
1.43002 29160
1.43665 29520
1.44327 29880
1.4499 30240
1.45652 30600
1.46314 30960
1.46977 31320
1.47639 31680
1.48302 32040
1.48964 32400
1.49626 32760
1.50289 33120
1.50951 33480
1.51614 33840
1.52276 34200
1.52938 34560
1.53601 34920
1.54263 35280
1.54926 35640
1.55588 36000
1.5625 36360
1.56913 36720
1.57575 37080
1.58238 37440
1.589 37800
1.59562 38160
1.60225 38520
1.60887 38880
1.6155 39240
1.62212 39600
1.62874 39960
1.63537 40320
1.64199 40680
1.64862 41040
1.65524 41400
1.66186 41760
1.66849 42120
1.67511 42480
1.68174 42840
1.68836 43200
1.69498 43560
1.70161 43920
1.70823 44280
1.71486 44640
1.72148 45000
1.7281 45360
1.73473 45720
1.74135 46080
1.74798 46440
1.7546 46800
1.76122 47160
1.76785 47520
1.77447 47880
1.7811 48240
1.78772 48600
1.79434 48960
1.80097 49320
1.80759 49680
1.81422 50040
1.82084 50400
1.82746 50760
1.83409 51120
1.84071 51480
1.84734 51840
1.85396 52200
1.86058 52560
1.86721 52920
1.87383 53280
1.88046 53640
1.88708 54000
1.8937 54360
1.90033 54720
1.90695 55080
1.91358 55440
1.9202 55800
1.92682 56160
1.93345 56520
1.94007 56880
1.9467 57240
1.95332 57600
1.95994 57960
1.96657 58320
1.97319 58680
1.97982 59040
1.98644 59400
1.99306 59760
1.99969 60120
2.00631 60480
2.01294 60840
2.01956 61200
2.02618 61560
2.03281 61920
2.03943 62280
2.04606 62640
2.05268 63000
2.0593 63360
2.06593 63720
2.07255 64080
2.07918 64440
2.0858 64800
2.09242 65160
2.09905 65520
2.10567 65880
2.1123 66240
2.11892 66600
2.12554 66960
2.13217 67320
2.13879 67680
2.14542 68040
2.15204 68400
2.15866 68760
2.16529 69120
2.17191 69480
2.17854 69840
2.18516 70200
2.19178 70560
2.19841 70920
2.20503 71280
2.21166 71640
2.22159 71640
2.22159 360
2.65215 720
2.75816 1080
2.86417 1440
2.97018 1800
2.98012 2160
3.08282 2520
3.09275 2880
3.18883 3240
3.19876 3600
3.2087 3960
3.29815 4320
3.30809 4680
3.31802 5040
3.32796 5400
3.40747 5760
3.41741 6120
3.42735 6480
3.43728 6840
3.44722 7200
3.51348 7560
3.52342 7920
3.53336 8280
3.54329 8640
3.55323 9000
3.56316 9360
3.5731 9720
3.62281 10080
3.63274 10440
3.64268 10800
3.65261 11160
3.66255 11520
3.67249 11880
3.68242 12240
3.69236 12600
3.70229 12960
3.72882 13320
3.73875 13680
3.74869 14040
3.75862 14400
3.76856 14760
3.7785 15120
3.78843 15480
3.79837 15840
3.8083 16200
3.81824 16560
3.82818 16920
3.83811 17280
3.84805 17640
3.85798 18000
3.86792 18360
3.87786 18720
3.88779 19080
3.89773 19440
3.90766 19800
3.9176 20160
3.92754 20520
3.93747 20880
3.94741 21240
3.95734 21600
3.96728 21960
3.97722 22320
3.98715 22680
3.99709 23040
4.00702 23400
4.01696 23760
4.0269 24120
4.04014 24480
4.04677 24840
4.05339 25200
4.06002 25560
4.06664 25920
4.07326 26280
4.07989 26640
4.08651 27000
4.09314 27360
4.09976 27720
4.10638 28080
4.11301 28440
4.11963 28800
4.12626 29160
4.13288 29520
4.1395 29880
4.14613 30240
4.15275 30600
4.15938 30960
4.166 31320
4.17262 31680
4.17925 32040
4.18587 32400
4.1925 32760
4.19912 33120
4.20574 33480
4.21237 33840
4.21899 34200
4.22562 34560
4.23224 34920
4.23886 35280
4.24549 35640
4.25211 36000
4.25874 36003
4.26536 36006
4.27198 36009
4.27861 36012
4.28523 36015
4.29186 36018
4.29848 36021
4.3051 36024
4.31173 36027
4.31835 36030
4.32498 36033
4.3316 36036
4.33822 36039
4.34485 36042
4.35147 36045
4.3581 36048
4.36472 36051
4.37134 36054
4.37797 36057
4.38459 36060
4.39122 36063
4.39784 36066
4.40446 36069
4.41109 36072
4.41771 36075
4.42434 36078
4.43096 36081
4.43758 36084
4.44421 36087
4.45083 36090
4.45746 36093
4.46408 36096
4.4707 36099
4.47733 36102
4.48395 36105
4.49058 36108
4.4972 36111
4.50382 36114
4.51045 36117
4.51707 36120
4.5237 36123
4.53032 36126
4.53694 36129
4.54357 36132
4.55019 36135
4.55682 36138
4.56344 36141
4.57006 36144
4.57669 36147
4.58331 36150
4.58994 36153
4.59656 36156
4.60318 36159
4.60981 36162
4.61643 36165
4.62306 36168
4.62968 36171
4.6363 36174
4.64293 36177
4.64955 36180
4.65618 36183
4.6628 36186
4.66942 36189
4.67605 36192
4.68267 36195
4.6893 36198
4.69592 36201
4.70254 36204
4.70917 36207
4.71579 36210
4.72242 36213
4.72904 36216
4.73566 36219
4.74229 36222
4.74891 36225
4.75554 36228
4.76216 36231
4.76878 36234
4.77541 36237
4.78203 36240
4.78866 36243
4.79528 36246
4.8019 36249
4.80853 36252
4.81515 36255
4.82178 36258
4.8284 36261
4.83502 36264
4.84165 36267
4.84827 36270
4.8549 36273
4.86152 36276
4.86814 36279
4.87477 36282
4.88139 36285
4.88802 36288
4.89464 36291
4.90126 36294
4.90789 36297
4.91451 36300
4.92114 36303
4.92776 36306
4.93438 36309
4.94101 36312
4.94763 36315
4.95426 36318
4.96088 36321
4.9675 36324
4.97413 36327
4.98075 36330
4.98738 36333
4.994 36336
5.00062 36339
5.00725 36342
5.01387 36345
5.0205 36348
5.02712 36351
5.03374 36354
5.04037 36357
5.04699 36360
5.05362 36363
5.06024 36366
5.06686 36369
5.07349 36372
5.08011 36375
5.08674 36378
5.09336 36381
5.09998 36384
5.10661 36387
5.11323 36390
5.11986 36393
5.12648 36396
5.1331 36399
5.13973 36402
5.14635 36405
5.15298 36408
5.1596 36411
5.16622 36414
5.17285 36417
5.17947 36420
5.1861 36423
5.19272 36426
5.19934 36429
5.20597 36432
5.21259 36435
5.21922 36438
5.22584 36441
5.23246 36444
5.23909 36447
5.24571 36450
5.25234 36453
5.25896 36456
5.26558 36459
5.27221 36462
5.27883 36465
5.28546 36468
5.29208 36471
5.2987 36474
5.30533 36477
5.31195 36480
5.31858 36483
5.3252 36486
5.33182 36489
5.33845 36492
5.34507 36495
5.3517 36498
5.35832 36501
5.36494 36504
5.37157 36507
5.37819 36510
5.38482 36513
5.39144 36516
5.39806 36519
5.40469 36522
5.41131 36525
5.41794 36528
5.42456 36531
5.43118 36534
5.43781 36537
5.44443 36540
5.45106 36543
5.45768 36546
5.4643 36549
5.47093 36552
5.47755 36555
5.48418 36558
5.4908 36561
5.49742 36564
5.50405 36567
5.51067 36570
5.5173 36573
5.52392 36576
5.53054 36579
5.53717 36582
5.54379 36585
5.55042 36588
5.55704 36591
5.56366 36594
5.57029 36597
5.57691 36600
5.58354 36603
5.59016 36606
5.59678 36609
5.60341 36612
5.61003 36615
5.61666 36618
5.62328 36621
5.6299 36624
5.63653 36627
5.64315 36630
5.64978 36633
5.6564 36636
5.66302 36639
5.66965 36642
5.67627 36645
5.6829 36648
5.68952 36651
5.69614 36654
5.70277 36657
5.70939 36660
5.71602 36663
5.72264 36666
5.72926 36669
5.73589 36672
5.74251 36675
5.74914 36678
5.75576 36681
5.76238 36684
5.76901 36687
5.77563 36690
5.78226 36693
5.78888 36696
5.7955 36699
5.80213 36702
5.80875 36705
5.81538 36708
5.822 36711
5.82862 36714
5.83525 36717
5.84187 36720
5.8485 36723
5.85512 36726
5.86174 36729
5.86837 36732
5.87499 36735
5.88162 36738
5.88824 36741
5.89486 36744
5.90149 36747
5.90811 36750
5.91474 36753
5.92136 36756
5.92798 36759
5.93461 36762
5.94123 36765
5.94786 36768
5.95448 36771
5.9611 36774
5.96773 36777
5.97435 36780
5.98098 36783
5.9876 36786
5.99422 36789
6.00085 36792
6.00747 36795
6.0141 36798
6.02072 36801
6.02734 36804
6.03397 36807
6.04059 36810
6.04722 36813
6.05384 36816
6.06046 36819
6.06709 36822
6.07371 36825
6.08034 36828
6.08696 36831
6.09358 36834
6.10021 36837
6.10683 36840
6.11346 36843
6.12008 36846
6.1267 36849
6.13333 36852
6.13995 36855
6.14658 36858
6.1532 36861
6.15982 36864
6.16645 36867
6.17307 36870
6.1797 36873
6.18632 36876
6.19294 36879
6.19957 36882
6.20619 36885
6.21282 36888
6.21944 36891
6.22606 36894
6.23269 36897
6.23931 36900
6.24594 36903
6.25256 36906
6.25918 36909
6.26581 36912
6.27243 36915
6.27906 36918
6.28568 36921
6.2923 36924
6.29893 36927
6.30555 36930
6.31218 36933
6.3188 36936
6.32542 36939
6.33205 36942
6.33867 36945
6.3453 36948
6.35192 36951
6.35854 36954
6.36517 36957
6.37179 36960
6.37842 36963
6.38504 36966
6.39166 36969
6.39829 36972
6.40491 36975
6.41154 36978
6.41816 36981
6.42478 36984
6.43141 36987
6.43803 36990
6.44466 36993
6.45128 36996
6.4579 36999
6.46453 37002
6.47115 37005
6.47778 37008
6.4844 37011
6.49102 37014
6.49765 37017
6.50427 37020
6.5109 37023
6.51752 37026
6.52414 37029
6.53077 37032
6.53739 37035
6.54402 37038
6.55064 37041
6.55726 37044
6.56389 37047
6.57051 37050
6.57714 37053
6.58376 37056
6.59038 37059
6.59701 37062
6.60363 37065
6.61026 37068
6.61688 37071
6.6235 37074
6.63013 37077
6.63675 37080
6.64338 37083
6.65 37086
6.65662 37089
6.66325 37092
6.66987 37095
6.6765 37098
6.68312 37101
6.68974 37104
6.69637 37107
6.70299 37110
6.70962 37113
6.71624 37116
6.72286 37119
6.72949 37122
6.73611 37125
6.74274 37128
6.74936 37131
6.75598 37134
6.76261 37137
6.76923 37140
6.77586 37143
6.78248 37146
6.7891 37149
6.79573 37152
6.80235 37155
6.80898 37158
6.8156 37161
6.82222 37164
6.82885 37167
6.83547 37170
6.8421 37173
6.84872 37176
6.85534 37179
6.86197 37182
6.86859 37185
6.87522 37188
6.88184 37191
6.88846 37194
6.89509 37197
6.90171 37200
6.90834 37203
6.91496 37206
6.92158 37209
6.92821 37212
6.93483 37215
6.94146 37218
6.94808 37221
6.9547 37224
6.96133 37227
6.96795 37230
6.97458 37233
6.9812 37236
6.98782 37239
6.99445 37242
7.00107 37245
7.0077 37248
7.01432 37251
7.02094 37254
7.02757 37257
7.03419 37260
7.04082 37263
7.04744 37266
7.05406 37269
7.06069 37272
7.06731 37275
7.07394 37278
7.08056 37281
7.08718 37284
7.09381 37287
7.10043 37290
7.10706 37293
7.11368 37296
7.1203 37299
7.12693 37302
7.13355 37305
7.14018 37308
7.1468 37311
7.15342 37314
7.16005 37317
7.16667 37320
7.1733 37323
7.17992 37326
7.18654 37329
7.19317 37332
7.19979 37335
7.20642 37338
7.21304 37341
7.21966 37344
7.22629 37347
7.23291 37350
7.23954 37353
7.24616 37356
7.25278 37359
7.25941 37362
7.26603 37365
7.27266 37368
7.27928 37371
7.2859 37374
7.29253 37377
7.29915 37380
7.30578 37383
7.3124 37386
7.31902 37389
7.32565 37392
7.33227 37395
7.3389 37398
7.34552 37401
7.35214 37404
7.35877 37407
7.36539 37410
7.37202 37413
7.37864 37416
7.38526 37419
7.39189 37422
7.39851 37425
7.40514 37428
7.41176 37431
7.41838 37434
7.42501 37437
7.43163 37440
7.43826 37443
7.44488 37446
7.4515 37449
7.45813 37452
7.46475 37455
7.47138 37458
7.478 37461
7.48462 37464
7.49125 37467
7.49787 37470
7.5045 37473
7.51112 37476
7.51774 37479
7.52437 37482
7.53099 37485
7.53762 37488
7.54424 37491
7.55086 37494
7.55749 37497
7.56411 37500
7.57074 37503
7.57736 37506
7.58398 37509
7.59061 37512
7.59723 37515
7.60386 37518
7.61048 37521
7.6171 37524
7.62373 37527
7.63035 37530
7.63698 37533
7.6436 37536
7.65022 37539
7.65685 37542
7.66347 37545
7.6701 37548
7.67672 37551
7.68334 37554
7.68997 37557
7.69659 37560
7.70322 37563
7.70984 37566
7.71646 37569
7.72309 37572
7.72971 37575
7.73634 37578
7.74296 37581
7.74958 37584
7.75621 37587
7.76283 37590
7.76946 37593
7.77608 37596
7.7827 37599
7.78933 37602
7.79595 37605
7.80258 37608
7.8092 37611
7.81582 37614
7.82245 37617
7.82907 37620
7.8357 37623
7.84232 37626
7.84894 37629
7.85557 37632
7.86219 37635
7.86882 37638
7.87544 37641
7.88206 37644
7.88869 37647
7.89531 37650
7.90194 37653
7.90856 37656
7.91518 37659
7.92181 37662
7.92843 37665
7.93505 37668
7.94168 37671
7.9483 37674
7.95493 37677
7.96155 37680
7.96817 37683
7.9748 37686
7.98142 37689
7.98805 37692
7.99467 37695
8.00129 37698
8.00792 37701
8.01454 37704
8.02117 37707
8.02779 37710
8.03441 37713
8.04104 37716
8.04766 37719
8.05429 37722
8.06091 37725
8.06753 37728
8.07416 37731
8.08078 37734
8.08741 37737
8.09403 37740
8.10065 37743
8.10728 37746
8.1139 37749
8.12053 37752
8.12715 37755
8.13377 37758
8.1404 37761
8.14702 37764
8.15365 37767
8.16027 37770
8.16689 37773
8.17352 37776
8.18014 37779
8.18677 37782
8.19339 37785
8.20001 37788
8.20664 37791
8.21326 37794
8.21989 37797
8.22651 37800
8.23313 37803
8.23976 37806
8.24638 37809
8.25301 37812
8.25963 37815
8.26625 37818
8.27288 37821
8.2795 37824
8.28613 37827
8.29275 37830
8.29937 37833
8.306 37836
8.31262 37839
8.31925 37842
8.32587 37845
8.33249 37848
8.33912 37851
8.34574 37854
8.35237 37857
8.35899 37860
8.36561 37863
8.37224 37866
8.37886 37869
8.38549 37872
8.39211 37875
8.39873 37878
8.40536 37881
8.41198 37884
8.41861 37887
8.42523 37890
8.43185 37893
8.43848 37896
8.4451 37899
8.45173 37902
8.45835 37905
8.46497 37908
8.4716 37911
8.47822 37914
8.48485 37917
8.49147 37920
8.49809 37923
8.50472 37926
8.51134 37929
8.51797 37932
8.52459 37935
8.53121 37938
8.53784 37941
8.54446 37944
8.55109 37947
8.55771 37950
8.56433 37953
8.57096 37956
8.57758 37959
8.58421 37962
8.59083 37965
8.59745 37968
8.60408 37971
8.6107 37974
8.61733 37977
8.62395 37980
8.63057 37983
8.6372 37986
8.64382 37989
8.65045 37992
8.65707 37995
8.66369 37998
8.67032 38001
8.67694 38004
8.68357 38007
8.69019 38010
8.69681 38013
8.70344 38016
8.71006 38019
8.71669 38022
8.72331 38025
8.72993 38028
8.73656 38031
8.74318 38034
8.74981 38037
8.75643 38040
8.76305 38043
8.76968 38046
8.7763 38049
8.78293 38052
8.78955 38055
8.79617 38058
8.8028 38061
8.80942 38064
8.81605 38067
8.82267 38070
8.82929 38073
8.83592 38076
8.84254 38079
8.84917 38082
8.85579 38085
8.86241 38088
8.86904 38091
8.87566 38094
8.88229 38097
8.88891 38100
8.89553 38103
8.90216 38106
8.90878 38109
8.91541 38112
8.92203 38115
8.92865 38118
8.93528 38121
8.9419 38124
8.94853 38127
8.95515 38130
8.96177 38133
8.9684 38136
8.97502 38139
8.98165 38142
8.98827 38145
8.99489 38148
9.00152 38151
9.00814 38154
9.01477 38157
9.02139 38160
9.02801 38163
9.03464 38166
9.04126 38169
9.04789 38172
9.05451 38175
9.06113 38178
9.06776 38181
9.07438 38184
9.08101 38187
9.08763 38190
9.09425 38193
9.10088 38196
9.1075 38199
9.11413 38202
9.12075 38205
9.12737 38208
9.134 38211
9.14062 38214
9.14725 38217
9.15387 38220
9.16049 38223
9.16712 38226
9.17374 38229
9.18037 38232
9.18699 38235
9.19361 38238
9.20024 38241
9.20686 38244
9.21349 38247
9.22011 38250
9.22673 38253
9.23336 38256
9.23998 38259
9.24661 38262
9.25323 38265
9.25985 38268
9.26648 38271
9.2731 38274
9.27973 38277
9.28635 38280
9.29297 38283
9.2996 38286
9.30622 38289
9.31285 38292
9.31947 38295
9.32609 38298
9.33272 38301
9.33934 38304
9.34597 38307
9.35259 38310
9.35921 38313
9.36584 38316
9.37246 38319
9.37909 38322
9.38571 38325
9.39233 38328
9.39896 38331
9.40558 38334
9.41221 38337
9.41883 38340
9.42545 38343
9.43208 38346
9.4387 38349
9.44533 38352
9.45195 38355
9.45857 38358
9.4652 38361
9.47182 38364
9.47845 38367
9.48507 38370
9.49169 38373
9.49832 38376
9.50494 38379
9.51157 38382
9.51819 38385
9.52481 38388
9.53144 38391
9.53806 38394
9.54469 38397
9.55131 38400
9.55793 38403
9.56456 38406
9.57118 38409
9.57781 38412
9.58443 38415
9.59105 38418
9.59768 38421
9.6043 38424
9.61093 38427
9.61755 38430
9.62417 38433
9.6308 38436
9.63742 38439
9.64405 38442
9.65067 38445
9.65729 38448
9.66392 38451
9.67054 38454
9.67717 38457
9.68379 38460
9.69041 38463
9.69704 38466
9.70366 38469
9.71029 38472
9.71691 38475
9.72353 38478
9.73016 38481
9.73678 38484
9.74341 38487
9.75003 38490
9.75665 38493
9.76328 38496
9.7699 38499
9.77653 38502
9.78315 38505
9.78977 38508
9.7964 38511
9.80302 38514
9.80965 38517
9.81627 38520
9.82289 38523
9.82952 38526
9.83614 38529
9.84277 38532
9.84939 38535
9.85601 38538
9.86264 38541
9.86926 38544
9.87589 38547
9.88251 38550
9.88913 38553
9.89576 38556
9.90238 38559
9.90901 38562
9.91563 38565
9.92225 38568
9.92888 38571
9.9355 38574
9.94213 38577
9.94875 38580
9.95537 38583
9.962 38586
9.96862 38589
9.97525 38592
9.98187 38595
9.98849 38598
9.99512 38601
10.0017 38604
10.0084 38607
