0.0 0
0.316982 0.109
0.426304 0.109125
0.532314 0.108734
0.538938 0.109143
0.641637 0.109125
0.648261 0.109234
0.654885 0.11008
0.750959 0.109945
0.757583 0.109827
0.764207 0.110598
0.770831 0.111274
0.85697 0.110614
0.863594 0.110913
0.870218 0.111174
0.876842 0.111277
0.883466 0.112242
0.89009 0.113212
0.96298 0.11231
0.969604 0.112397
0.976228 0.112472
0.982852 0.112413
0.989476 0.113236
0.9961 0.114082
1.00272 0.114697
1.00935 0.11611
1.01597 0.117221
1.06899 0.115818
1.07561 0.115466
1.08224 0.115158
1.08886 0.114763
1.09549 0.115293
1.10211 0.115881
1.10873 0.116271
1.11536 0.117487
1.12198 0.118426
1.12861 0.119373
1.13523 0.121076
1.14185 0.122442
1.14848 0.123762
1.1551 0.125791
1.17831 0.123817
1.18494 0.121965
1.19156 0.12122
1.19818 0.120567
1.20481 0.119996
1.21143 0.120372
1.21806 0.1207
1.22468 0.120863
1.2313 0.12188
1.23793 0.12277
1.24455 0.123549
1.25118 0.125105
1.2578 0.126467
1.26442 0.127659
1.27105 0.129576
1.27767 0.131129
1.2843 0.132613
1.29092 0.134661
1.29754 0.136454
1.30417 0.138022
1.31079 0.140144
1.31742 0.140001
1.32404 0.140001
1.33066 0.140751
1.33729 0.141407
1.34391 0.141856
1.35054 0.143124
1.35716 0.144359
1.36378 0.145314
1.37041 0.147025
1.37703 0.148522
1.38366 0.149831
1.39028 0.151852
1.3969 0.153496
1.40353 0.155059
1.41015 0.157302
1.41678 0.159139
1.4234 0.160746
1.43002 0.163028
1.43665 0.165025
1.44327 0.166772
1.4499 0.16905
1.45652 0.171044
1.46314 0.172913
1.46977 0.175299
1.47639 0.177387
1.48302 0.179338
1.48964 0.181796
1.49626 0.183947
1.50289 0.185703
1.50951 0.188115
1.51614 0.190351
1.52276 0.192182
1.52938 0.194659
1.53601 0.196827
1.54263 0.198724
1.54926 0.201258
1.55588 0.203351
1.5625 0.205307
1.56913 0.207894
1.57575 0.210032
1.58238 0.211903
1.589 0.214415
1.59562 0.216613
1.60225 0.218537
1.60887 0.220969
1.6155 0.223098
1.62212 0.225086
1.62874 0.227575
1.63537 0.229753
1.64199 0.231659
1.64862 0.234202
1.65524 0.236427
1.66186 0.238248
1.66849 0.240717
1.67511 0.243003
1.68174 0.244877
1.68836 0.247393
1.69498 0.249469
1.70161 0.25141
1.70823 0.253984
1.71486 0.256111
1.72148 0.258097
1.7281 0.26071
1.73473 0.262871
1.74135 0.264762
1.74798 0.267167
1.7546 0.269396
1.76122 0.271347
1.76785 0.273803
1.77447 0.275953
1.7811 0.277959
1.78772 0.280464
1.79434 0.282656
1.80097 0.284574
1.80759 0.287127
1.81422 0.289361
1.82084 0.291191
1.82746 0.293667
1.83409 0.295959
1.84071 0.297839
1.84734 0.300359
1.85396 0.302439
1.86058 0.304384
1.86721 0.306961
1.87383 0.309091
1.88046 0.31108
1.88708 0.313695
1.8937 0.315858
1.90033 0.317751
1.90695 0.320157
1.91358 0.322387
1.9202 0.324339
1.92682 0.326796
1.93345 0.328947
1.94007 0.330954
1.9467 0.333459
1.95332 0.335652
1.95994 0.33757
1.96657 0.340124
1.97319 0.342359
1.97982 0.344189
1.98644 0.346665
1.99306 0.348957
1.99969 0.350837
2.00631 0.353358
2.01294 0.355563
2.01956 0.357493
2.02618 0.360056
2.03281 0.362174
2.03943 0.364152
2.04606 0.366758
2.05268 0.368913
2.0593 0.370799
2.06593 0.373199
2.07255 0.375424
2.07918 0.377371
2.0858 0.379825
2.09242 0.382097
2.09905 0.384085
2.10567 0.386574
2.1123 0.388752
2.11892 0.390658
2.12554 0.393201
2.13217 0.395426
2.13879 0.397248
2.14542 0.399717
2.15204 0.402002
2.15866 0.403877
2.16529 0.406392
2.17191 0.408593
2.17854 0.410519
2.18516 0.413079
2.19178 0.415194
2.19841 0.41717
2.20503 0.419774
2.21166 0.421927
2.98012 0.383686
3.08282 0.349725
3.09275 0.32001
3.18883 0.293258
3.19876 0.271101
3.2087 0.251714
3.29815 0.233999
3.30809 0.218499
3.31802 0.206187
3.32796 0.195289
3.40747 0.184503
3.41741 0.175065
3.42735 0.168057
3.43728 0.161925
3.44722 0.156684
3.51348 0.150348
3.52342 0.146055
3.53336 0.142298
3.54329 0.139011
3.55323 0.136134
3.56316 0.134868
3.5731 0.133759
3.62281 0.130664
3.63274 0.127956
3.64268 0.126837
3.65261 0.125857
3.66255 0.125
3.67249 0.12425
3.68242 0.124844
3.69236 0.125363
3.70229 0.125818
3.72882 0.123341
3.73875 0.122423
3.74869 0.12162
3.75862 0.120918
3.76856 0.120303
3.7785 0.121015
3.78843 0.121638
3.79837 0.122183
3.8083 0.12266
3.81824 0.124328
3.82818 0.125787
3.83811 0.127064
3.84805 0.126181
3.85798 0.126533
3.86792 0.126841
3.87786 0.127111
3.88779 0.127347
3.89773 0.128804
3.90766 0.130078
3.9176 0.131194
3.92754 0.132169
3.93747 0.134273
3.94741 0.136114
3.95734 0.137725
3.96728 0.139134
3.97722 0.141617
3.98715 0.14379
3.99709 0.145691
4.00702 0.147355
4.01696 0.149936
4.0269 0.152319
4.04014 0.154904
4.04677 0.156666
4.05339 0.159083
4.06002 0.160822
4.06664 0.163095
4.07326 0.164708
4.07989 0.166869
4.08651 0.168386
4.09314 0.170587
4.09976 0.172014
4.10638 0.174137
4.11301 0.17562
4.11963 0.177668
4.12626 0.179084
4.13288 0.181074
4.1395 0.182439
4.14613 0.184509
4.15275 0.185821
4.15938 0.187843
4.166 0.189238
4.17262 0.191208
4.17925 0.192557
4.18587 0.194487
4.1925 0.195801
4.19912 0.197826
4.20574 0.199098
4.21237 0.201086
4.21899 0.202325
4.22562 0.204284
4.23224 0.205749
4.23886 0.20778
4.24549 0.209183
4.25211 0.211285
4.25874 0.212124
4.26536 0.213734
4.27198 0.215142
4.27861 0.216374
4.28523 0.218327
4.29186 0.219912
4.29848 0.221423
4.3051 0.22362
4.31173 0.225417
4.31835 0.227115
4.32498 0.229351
4.3316 0.231307
4.33822 0.233019
4.34485 0.235266
4.35147 0.237358
4.3581 0.239188
4.36472 0.24154
4.37134 0.243597
4.37797 0.245398
4.38459 0.247848
4.39122 0.249992
4.39784 0.251868
4.40446 0.254384
4.41109 0.256586
4.41771 0.258388
4.42434 0.26084
4.43096 0.262985
4.43758 0.264862
4.44421 0.267379
4.45083 0.269456
4.45746 0.271399
4.46408 0.273974
4.4707 0.276103
4.47733 0.27809
4.48395 0.280579
4.49058 0.282756
4.4972 0.284662
4.50382 0.287079
4.51045 0.289319
4.51707 0.291279
4.5237 0.293744
4.53032 0.296026
4.53694 0.297898
4.54357 0.300411
4.55019 0.302609
4.55682 0.304533
4.56344 0.307092
4.57006 0.30933
4.57669 0.311164
4.58331 0.313643
4.58994 0.315813
4.59656 0.317711
4.60318 0.319497
4.60981 0.320935
4.61643 0.322193
4.62306 0.323419
4.62968 0.324367
4.6363 0.325196
4.64293 0.325921
4.64955 0.326556
4.65618 0.327237
4.6628 0.327707
4.66942 0.328119
4.67605 0.328604
4.68267 0.328903
4.6893 0.329165
4.69592 0.329395
4.70254 0.329595
4.70917 0.329896
4.71579 0.330034
4.72242 0.330155
4.72904 0.330385
4.73566 0.330462
4.74229 0.330529
4.74891 0.330588
4.75554 0.33064
4.76216 0.33081
4.76878 0.330834
4.77541 0.330854
4.78203 0.330998
4.78866 0.330998
4.79528 0.330998
4.8019 0.330998
4.80853 0.330999
4.81515 0.331124
4.82178 0.331108
4.8284 0.331095
4.83502 0.331208
4.84165 0.331182
4.84827 0.331159
4.8549 0.331139
4.86152 0.331122
4.86814 0.331232
4.87477 0.331203
4.88139 0.331177
4.88802 0.33128
4.89464 0.331245
4.90126 0.331215
4.90789 0.331188
4.91451 0.331164
4.92114 0.331269
4.92776 0.331235
4.93438 0.331206
4.94101 0.331305
4.94763 0.331267
4.95426 0.331234
4.96088 0.331204
4.9675 0.331179
4.97413 0.331281
4.98075 0.331246
4.98738 0.331215
4.994 0.331189
5.00062 0.331165
5.00725 0.331144
5.01387 0.331126
5.0205 0.331111
5.02712 0.331222
5.03374 0.331194
5.04037 0.33117
5.04699 0.331149
5.05362 0.33113
5.06024 0.331114
5.06686 0.331099
5.07349 0.331087
5.08011 0.331201
5.08674 0.331176
5.09336 0.331154
5.09998 0.331135
5.10661 0.331118
5.11323 0.331103
5.11986 0.33109
5.12648 0.331079
5.1331 0.331194
5.13973 0.33117
5.14635 0.331149
5.15298 0.33113
5.1596 0.331114
5.16622 0.3311
5.17285 0.331087
5.17947 0.331076
5.1861 0.331192
5.19272 0.331168
5.19934 0.331147
5.20597 0.331128
5.21259 0.331112
5.21922 0.331098
5.22584 0.331086
5.23246 0.331075
5.23909 0.331191
5.24571 0.331167
5.25234 0.331146
5.25896 0.331128
5.26558 0.331112
5.27221 0.331098
5.27883 0.331086
5.28546 0.331075
5.29208 0.331191
5.2987 0.331167
5.30533 0.331146
5.31195 0.331128
5.31858 0.331112
5.3252 0.331223
5.33182 0.331195
5.33845 0.331171
5.34507 0.331274
5.3517 0.33124
5.35832 0.33121
5.36494 0.331184
5.37157 0.331161
5.37819 0.331266
5.38482 0.331232
5.39144 0.331203
5.39806 0.331303
5.40469 0.331265
5.41131 0.331232
5.41794 0.331203
5.42456 0.331178
5.43118 0.33128
5.43781 0.331245
5.44443 0.331215
5.45106 0.331313
5.45768 0.331274
5.4643 0.33124
5.47093 0.33121
5.47755 0.331183
5.48418 0.331285
5.4908 0.33125
5.49742 0.331219
5.50405 0.331316
5.51067 0.331277
5.5173 0.331242
5.52392 0.331212
5.53054 0.331185
5.53717 0.331287
5.54379 0.331251
5.55042 0.33122
5.55704 0.331317
5.56366 0.331278
5.57029 0.331243
5.57691 0.331213
5.58354 0.331186
5.59016 0.331288
5.59678 0.331252
5.60341 0.33122
5.61003 0.331318
5.61666 0.331278
5.62328 0.331243
5.6299 0.331213
5.63653 0.331186
5.64315 0.331288
5.64978 0.331252
5.6564 0.33122
5.66302 0.331318
5.66965 0.331278
5.67627 0.331243
5.6829 0.331213
5.68952 0.331186
5.69614 0.331288
5.70277 0.331252
5.70939 0.331221
5.71602 0.331318
5.72264 0.331278
5.72926 0.331243
5.73589 0.331213
5.74251 0.331186
5.74914 0.331288
5.75576 0.331252
5.76238 0.331221
5.76901 0.331318
5.77563 0.331278
5.78226 0.331243
5.78888 0.331213
5.7955 0.331186
5.80213 0.331288
5.80875 0.331252
5.81538 0.331221
5.822 0.331193
5.82862 0.331169
5.83525 0.331148
5.84187 0.331129
5.8485 0.331113
5.85512 0.331224
5.86174 0.331196
5.86837 0.331171
5.87499 0.33115
5.88162 0.331131
5.88824 0.331115
5.89486 0.331101
5.90149 0.331088
5.90811 0.331202
5.91474 0.331177
5.92136 0.331155
5.92798 0.331135
5.93461 0.331118
5.94123 0.331104
5.94786 0.331091
5.95448 0.331079
5.9611 0.331194
5.96773 0.33117
5.97435 0.331149
5.98098 0.33113
5.9876 0.331114
5.99422 0.3311
6.00085 0.331087
6.00747 0.331076
6.0141 0.331192
6.02072 0.331168
6.02734 0.331147
6.03397 0.331128
6.04059 0.331112
6.04722 0.331098
6.05384 0.331086
6.06046 0.331075
6.06709 0.331191
6.07371 0.331167
6.08034 0.331146
6.08696 0.331128
6.09358 0.331112
6.10021 0.331098
6.10683 0.331086
6.11346 0.331075
6.12008 0.331191
6.1267 0.331167
6.13333 0.331146
6.13995 0.331128
6.14658 0.331112
6.1532 0.331223
6.15982 0.331195
6.16645 0.331171
6.17307 0.331274
6.1797 0.332115
6.18632 0.332851
6.19294 0.333369
6.19957 0.333948
6.20619 0.334455
6.21282 0.334898
6.21944 0.335286
6.22606 0.335625
6.23269 0.335922
6.23931 0.336182
6.24594 0.336284
6.25256 0.336498
6.25918 0.336686
6.26581 0.33685
6.27243 0.336994
6.27906 0.33712
6.28568 0.33723
6.2923 0.337326
6.29893 0.337285
6.30555 0.337375
6.31218 0.337453
6.3188 0.337521
6.32542 0.337581
6.33205 0.337633
6.33867 0.337679
6.3453 0.337719
6.35192 0.337629
6.35854 0.337676
6.36517 0.337716
6.37179 0.337752
6.37842 0.337783
6.38504 0.33781
6.39166 0.337834
6.39829 0.337854
6.40491 0.337748
6.41154 0.337779
6.41816 0.337807
6.42478 0.337831
6.43141 0.337852
6.43803 0.337871
6.44466 0.337887
6.45128 0.337901
6.4579 0.337788
6.46453 0.337815
6.47115 0.337838
6.47778 0.337858
6.4844 0.337876
6.49102 0.337891
6.49765 0.337905
6.50427 0.337917
6.5109 0.337802
6.51752 0.337827
6.52414 0.337849
6.53077 0.337868
6.53739 0.337884
6.54402 0.337899
6.55064 0.337911
6.55726 0.337922
6.56389 0.337807
6.57051 0.337831
6.57714 0.337852
6.58376 0.337871
6.59038 0.337887
6.59701 0.337901
6.60363 0.337913
6.61026 0.337924
6.61688 0.337809
6.6235 0.337833
6.63013 0.337854
6.63675 0.337872
6.64338 0.337888
6.65 0.337777
6.65662 0.337805
6.66325 0.337829
6.66987 0.337726
6.6765 0.33776
6.68312 0.33779
6.68974 0.337816
6.69637 0.337839
6.70299 0.337734
6.70962 0.337767
6.71624 0.337797
6.72286 0.337697
6.72949 0.337735
6.73611 0.337768
6.74274 0.337797
6.74936 0.337822
6.75598 0.33772
6.76261 0.337755
6.76923 0.337785
6.77586 0.337687
6.78248 0.337726
6.7891 0.33776
6.79573 0.33779
6.80235 0.337817
6.80898 0.337715
6.8156 0.33775
6.82222 0.337781
6.82885 0.337684
6.83547 0.337723
6.8421 0.337758
6.84872 0.337788
6.85534 0.337815
6.86197 0.337713
6.86859 0.337749
6.87522 0.33778
6.88184 0.337683
6.88846 0.337722
6.89509 0.337757
6.90171 0.337787
6.90834 0.337814
6.91496 0.337712
6.92158 0.337748
6.92821 0.33778
6.93483 0.337682
6.94146 0.337722
6.94808 0.337757
6.9547 0.337787
6.96133 0.337814
6.96795 0.337712
6.97458 0.337748
6.9812 0.337779
6.98782 0.337807
6.99445 0.337831
7.00107 0.337852
7.0077 0.337871
7.01432 0.337887
7.02094 0.337776
7.02757 0.337804
7.03419 0.337829
7.04082 0.33785
7.04744 0.337869
7.05406 0.337885
7.06069 0.337899
7.06731 0.337912
7.07394 0.337798
7.08056 0.337823
7.08718 0.337845
7.09381 0.337865
7.10043 0.337882
7.10706 0.337896
7.11368 0.337909
7.1203 0.337921
7.12693 0.337806
7.13355 0.33783
7.14018 0.337851
7.1468 0.33787
7.15342 0.337886
7.16005 0.3379
7.16667 0.337913
7.1733 0.337924
7.17992 0.337808
7.18654 0.337832
7.19317 0.337853
7.19979 0.337872
7.20642 0.337888
7.21304 0.337902
7.21966 0.337914
7.22629 0.337925
7.23291 0.337809
7.23954 0.337833
7.24616 0.337854
7.25278 0.337872
7.25941 0.337888
7.26603 0.337902
7.27266 0.337914
7.27928 0.337925
7.2859 0.337809
7.29253 0.337833
7.29915 0.337854
7.30578 0.337872
7.3124 0.337888
7.31902 0.337902
7.32565 0.337914
7.33227 0.337925
7.3389 0.33781
7.34552 0.337833
7.35214 0.337854
7.35877 0.337872
7.36539 0.337888
7.37202 0.337902
7.37864 0.337915
7.38526 0.337925
7.39189 0.33781
7.39851 0.337833
7.40514 0.337854
7.41176 0.337872
7.41838 0.337888
7.42501 0.337902
7.43163 0.337915
7.43826 0.337925
7.44488 0.33781
7.4515 0.337833
7.45813 0.337854
7.46475 0.337872
7.47138 0.337888
7.478 0.337777
7.48462 0.337805
7.49125 0.33783
7.49787 0.337726
7.5045 0.33776
7.51112 0.33779
7.51774 0.337816
7.52437 0.337839
7.53099 0.337734
7.53762 0.337768
7.54424 0.337797
7.55086 0.337697
7.55749 0.337735
7.56411 0.337768
7.57074 0.337797
7.57736 0.337822
7.58398 0.33772
7.59061 0.337755
7.59723 0.337785
7.60386 0.337687
7.61048 0.337726
7.6171 0.33776
7.62373 0.33779
7.63035 0.337817
7.63698 0.337715
7.6436 0.33775
7.65022 0.337781
7.65685 0.337684
7.66347 0.337723
7.6701 0.337758
7.67672 0.337788
7.68334 0.337815
7.68997 0.337713
7.69659 0.337749
7.70322 0.33778
7.70984 0.337683
7.71646 0.337722
7.72309 0.337757
7.72971 0.337787
7.73634 0.337814
7.74296 0.337712
7.74958 0.337748
7.75621 0.33778
7.76283 0.337682
7.76946 0.337722
7.77608 0.338632
7.7827 0.339303
7.78933 0.340015
7.79595 0.340513
7.80258 0.340949
7.8092 0.341455
7.81582 0.341773
7.82245 0.342177
7.82907 0.34253
7.8357 0.342713
7.84232 0.342999
7.84894 0.343124
7.85557 0.343234
7.86219 0.343455
7.86882 0.343523
7.87544 0.343707
7.88206 0.343869
7.88869 0.343885
7.89531 0.344025
7.90194 0.344022
7.90856 0.344019
7.91518 0.344142
7.92181 0.344124
7.92843 0.344233
7.93505 0.344329
7.94168 0.344288
7.9483 0.344377
7.95493 0.34433
7.96155 0.344289
7.96817 0.344378
7.9748 0.34433
7.98142 0.344414
7.98805 0.344487
7.99467 0.344426
8.00129 0.344498
8.00792 0.344436
8.01454 0.344381
8.02117 0.344459
8.02779 0.344401
8.03441 0.344476
8.04104 0.344542
8.04766 0.344474
8.05429 0.34454
8.06091 0.344472
8.06753 0.344413
8.07416 0.344487
8.08078 0.344426
8.08741 0.344498
8.09403 0.34456
8.10065 0.34449
8.10728 0.344554
8.1139 0.344485
8.12053 0.344424
8.12715 0.344496
8.13377 0.344434
8.1404 0.344505
8.14702 0.344567
8.15365 0.344496
8.16027 0.344559
8.16689 0.344489
8.17352 0.344428
8.18014 0.344499
8.18677 0.344437
8.19339 0.344507
8.20001 0.344569
8.20664 0.344498
8.21326 0.344561
8.21989 0.344491
8.22651 0.344429
8.23313 0.344501
8.23976 0.344438
8.24638 0.344508
8.25301 0.34457
8.25963 0.344498
8.26625 0.344561
8.27288 0.344491
8.2795 0.34443
8.28613 0.344501
8.29275 0.344438
8.29937 0.344509
8.306 0.344445
8.31262 0.344389
8.31925 0.344466
8.32587 0.344407
8.33249 0.344357
8.33912 0.344437
8.34574 0.344382
8.35237 0.34446
8.35899 0.344402
8.36561 0.344352
8.37224 0.344433
8.37886 0.344379
8.38549 0.344331
8.39211 0.344415
8.39873 0.344363
8.40536 0.344443
8.41198 0.344387
8.41861 0.344339
8.42523 0.344422
8.43185 0.344369
8.43848 0.344323
8.4451 0.344407
8.45173 0.344357
8.45835 0.344437
8.46497 0.344382
8.4716 0.344335
8.47822 0.344418
8.48485 0.344365
8.49147 0.34432
8.49809 0.344405
8.50472 0.344354
8.51134 0.344435
8.51797 0.344381
8.52459 0.344333
8.53121 0.344416
8.53784 0.344364
8.54446 0.344319
8.55109 0.344404
8.55771 0.344353
8.56433 0.344434
8.57096 0.34438
8.57758 0.344332
8.58421 0.344416
8.59083 0.344364
8.59745 0.344318
8.60408 0.344404
8.6107 0.344353
8.61733 0.344434
8.62395 0.34438
8.63057 0.344332
8.6372 0.344416
8.64382 0.344364
8.65045 0.344443
8.65707 0.344513
8.66369 0.344449
8.67032 0.344518
8.67694 0.344453
8.68357 0.344396
8.69019 0.344472
8.69681 0.344413
8.70344 0.344486
8.71006 0.34455
8.71669 0.344482
8.72331 0.344546
8.72993 0.344478
8.73656 0.344418
8.74318 0.344491
8.74981 0.34443
8.75643 0.344501
8.76305 0.344563
8.76968 0.344493
8.7763 0.344556
8.78293 0.344487
8.78955 0.344426
8.79617 0.344498
8.8028 0.344435
8.80942 0.344506
8.81605 0.344568
8.82267 0.344497
8.82929 0.34456
8.83592 0.34449
8.84254 0.344429
8.84917 0.3445
8.85579 0.344437
8.86241 0.344508
8.86904 0.344569
8.87566 0.344498
8.88229 0.344561
8.88891 0.344491
8.89553 0.344429
8.90216 0.344501
8.90878 0.344438
8.91541 0.344508
8.92203 0.34457
8.92865 0.344499
8.93528 0.344561
8.9419 0.344491
8.94853 0.34443
8.95515 0.344501
8.96177 0.344438
8.9684 0.344509
8.97502 0.34457
8.98165 0.344499
8.98827 0.344561
8.99489 0.344491
9.00152 0.34443
9.00814 0.344501
9.01477 0.344438
9.02139 0.344509
9.02801 0.34457
9.03464 0.344499
9.04126 0.344561
9.04789 0.344491
9.05451 0.34443
9.06113 0.344501
9.06776 0.344438
9.07438 0.344509
9.08101 0.34457
9.08763 0.344499
9.09425 0.344561
9.10088 0.344491
9.1075 0.34443
9.11413 0.344501
9.12075 0.344439
9.12737 0.344509
9.134 0.344445
9.14062 0.344389
9.14725 0.344466
9.15387 0.344408
9.16049 0.344357
9.16712 0.344437
9.17374 0.344382
9.18037 0.34446
9.18699 0.344402
9.19361 0.344352
9.20024 0.344433
9.20686 0.344379
9.21349 0.344331
9.22011 0.344415
9.22673 0.344363
9.23336 0.344443
9.23998 0.344387
9.24661 0.344339
9.25323 0.344422
9.25985 0.344369
9.26648 0.344323
9.2731 0.344407
9.27973 0.344357
9.28635 0.344437
9.29297 0.344382
9.2996 0.344335
9.30622 0.344418
9.31285 0.344366
9.31947 0.34432
9.32609 0.344405
9.33272 0.344354
9.33934 0.344435
9.34597 0.344381
9.35259 0.344333
9.35921 0.344416
9.36584 0.344364
9.37246 0.345194
9.37909 0.34592
9.38571 0.346555
9.39233 0.34711
9.39896 0.347597
9.40558 0.348022
9.41221 0.348394
9.41883 0.34872
9.42545 0.349005
9.43208 0.349254
9.4387 0.349473
9.44533 0.349663
9.45195 0.349831
9.45857 0.349977
9.4652 0.350105
9.47182 0.350217
9.47845 0.350314
9.48507 0.350525
9.49169 0.350585
9.49832 0.350636
9.50494 0.350682
9.51157 0.350722
9.51819 0.350756
9.52481 0.350787
9.53144 0.350814
9.53806 0.350962
9.54469 0.350967
9.55131 0.350971
9.55793 0.350974
9.56456 0.350978
9.57118 0.35098
9.57781 0.350983
9.58443 0.350985
9.59105 0.351112
9.59768 0.351098
9.6043 0.351086
9.61093 0.351075
9.61755 0.351066
9.62417 0.351057
9.6308 0.35105
9.63742 0.351044
9.64405 0.351163
9.65067 0.351143
9.65729 0.351125
9.66392 0.351109
9.67054 0.351096
9.67717 0.351084
9.68379 0.351073
9.69041 0.351064
9.69704 0.351181
9.70366 0.351159
9.71029 0.351139
9.71691 0.351121
9.72353 0.351106
9.73016 0.351093
9.73678 0.351081
9.74341 0.351071
9.75003 0.351187
9.75665 0.351164
9.76328 0.351143
9.7699 0.351125
9.77653 0.35111
9.78315 0.351096
9.78977 0.351084
9.7964 0.351074
9.80302 0.351189
9.80965 0.351166
9.81627 0.351145
9.82289 0.351127
9.82952 0.351111
9.83614 0.351097
9.84277 0.351085
9.84939 0.351074
9.85601 0.35119
9.86264 0.351166
9.86926 0.351146
9.87589 0.351127
9.88251 0.351111
9.88913 0.351097
9.89576 0.351085
9.90238 0.351075
9.90901 0.35119
9.91563 0.351167
9.92225 0.351146
9.92888 0.351127
9.9355 0.351112
9.94213 0.351098
9.94875 0.351085
9.95537 0.351075
9.962 0.351065
9.96862 0.351057
9.97525 0.35105
9.98187 0.351044
9.98849 0.351038
9.99512 0.351034
10.0017 0.351029
10.0084 0.351026
