0.0 65535
0.101505 262140
0.207659 262140
0.316982 262140
0.426304 262140
0.532314 262140
0.538938 262140
0.641637 262140
0.648261 262140
0.654885 262140
0.750959 262140
0.757583 262140
0.764207 262140
0.770831 262140
0.85697 262140
0.863594 262140
0.870218 262140
0.876842 262140
0.883466 262140
0.89009 262140
0.96298 262140
0.969604 262140
0.976228 262140
0.982852 262140
0.989476 262140
0.9961 262140
1.00272 262140
1.00935 262140
1.01597 262140
1.06899 262140
1.07561 262140
1.08224 262140
1.08886 262140
1.09549 262140
1.10211 262140
1.10873 262140
1.11536 262140
1.12198 262140
1.12861 262140
1.13523 262140
1.14185 262140
1.14848 262140
1.1551 262140
1.17831 262140
1.18494 262140
1.19156 262140
1.19818 262140
1.20481 262140
1.21143 262140
1.21806 262140
1.22468 262140
1.2313 262140
1.23793 262140
1.24455 262140
1.25118 262140
1.2578 262140
1.26442 262140
1.27105 262140
1.27767 262140
1.2843 262140
1.29092 262140
1.29754 262140
1.30417 262140
1.31079 262140
1.31742 262140
1.32404 262140
1.33066 262140
1.33729 262140
1.34391 262140
1.35054 262140
1.35716 262140
1.36378 262140
1.37041 262140
1.37703 262140
1.38366 262140
1.39028 262140
1.3969 262140
1.40353 262140
1.41015 262140
1.41678 262140
1.4234 262140
1.43002 262140
1.43665 262140
1.44327 262140
1.4499 262140
1.45652 262140
1.46314 262140
1.46977 262140
1.47639 262140
1.48302 262140
1.48964 262140
1.49626 262140
1.50289 262140
1.50951 262140
1.51614 262140
1.52276 262140
1.52938 262140
1.53601 262140
1.54263 262140
1.54926 262140
1.55588 262140
1.5625 262140
1.56913 262140
1.57575 262140
1.58238 262140
1.589 262140
1.59562 262140
1.60225 262140
1.60887 262140
1.6155 262140
1.62212 262140
1.62874 262140
1.63537 262140
1.64199 262140
1.64862 262140
1.65524 262140
1.66186 262140
1.66849 262140
1.67511 262140
1.68174 262140
1.68836 262140
1.69498 262140
1.70161 262140
1.70823 262140
1.71486 262140
1.72148 262140
1.7281 262140
1.73473 262140
1.74135 262140
1.74798 262140
1.7546 262140
1.76122 262140
1.76785 262140
1.77447 262140
1.7811 262140
1.78772 262140
1.79434 262140
1.80097 262140
1.80759 262140
1.81422 262140
1.82084 262140
1.82746 262140
1.83409 262140
1.84071 262140
1.84734 262140
1.85396 262140
1.86058 262140
1.86721 262140
1.87383 262140
1.88046 262140
1.88708 262140
1.8937 262140
1.90033 262140
1.90695 262140
1.91358 262140
1.9202 262140
1.92682 262140
1.93345 262140
1.94007 262140
1.9467 262140
1.95332 262140
1.95994 262140
1.96657 262140
1.97319 262140
1.97982 262140
1.98644 262140
1.99306 262140
1.99969 262140
2.00631 262140
2.01294 262140
2.01956 262140
2.02618 262140
2.03281 262140
2.03943 262140
2.04606 262140
2.05268 262140
2.0593 262140
2.06593 262140
2.07255 262140
2.07918 262140
2.0858 262140
2.09242 262140
2.09905 262140
2.10567 262140
2.1123 262140
2.11892 262140
2.12554 262140
2.13217 262140
2.13879 262140
2.14542 262140
2.15204 262140
2.15866 262140
2.16529 262140
2.17191 262140
2.17854 262140
2.18516 262140
2.19178 262140
2.19841 262140
2.20503 262140
2.21166 262140
2.22159 35820
2.22159 35820
2.65215 35820
2.75816 35820
2.86417 35820
2.97018 35820
2.98012 35820
3.08282 35820
3.09275 35820
3.18883 35820
3.19876 35820
3.2087 35820
3.29815 35820
3.30809 35820
3.31802 35820
3.32796 35820
3.40747 35820
3.41741 35820
3.42735 35820
3.43728 35820
3.44722 35820
3.51348 35820
3.52342 35820
3.53336 35820
3.54329 35820
3.55323 35820
3.56316 35820
3.5731 35820
3.62281 35820
3.63274 35820
3.64268 35820
3.65261 35820
3.66255 35820
3.67249 35820
3.68242 35820
3.69236 35820
3.70229 35820
3.72882 35820
3.73875 35820
3.74869 35820
3.75862 35820
3.76856 35820
3.7785 35820
3.78843 35820
3.79837 35820
3.8083 35820
3.81824 35820
3.82818 35820
3.83811 35820
3.84805 35820
3.85798 35820
3.86792 35820
3.87786 35820
3.88779 35820
3.89773 35820
3.90766 35820
3.9176 35820
3.92754 35820
3.93747 35820
3.94741 35820
3.95734 35820
3.96728 35820
3.97722 35820
3.98715 35820
3.99709 35820
4.00702 35820
4.01696 35820
4.0269 35820
4.04014 35820
4.04677 35820
4.05339 35820
4.06002 35820
4.06664 35820
4.07326 35820
4.07989 35820
4.08651 35820
4.09314 35820
4.09976 35820
4.10638 35820
4.11301 35820
4.11963 35820
4.12626 35820
4.13288 35820
4.1395 35820
4.14613 35820
4.15275 35820
4.15938 35820
4.166 35820
4.17262 35820
4.17925 35820
4.18587 35820
4.1925 35820
4.19912 35820
4.20574 35820
4.21237 35820
4.21899 35820
4.22562 35820
4.23224 35820
4.23886 35820
4.24549 35820
4.25211 35820
4.25874 35820
4.26536 35820
4.27198 35820
4.27861 35820
4.28523 35820
4.29186 35820
4.29848 35820
4.3051 35820
4.31173 35820
4.31835 35820
4.32498 35820
4.3316 35820
4.33822 35820
4.34485 35820
4.35147 35820
4.3581 35820
4.36472 35820
4.37134 35820
4.37797 35820
4.38459 35820
4.39122 35820
4.39784 35820
4.40446 35820
4.41109 35820
4.41771 35820
4.42434 35820
4.43096 35820
4.43758 35820
4.44421 35820
4.45083 35820
4.45746 35820
4.46408 35820
4.4707 35820
4.47733 35820
4.48395 35820
4.49058 35820
4.4972 35820
4.50382 35820
4.51045 35820
4.51707 35820
4.5237 35820
4.53032 35820
4.53694 35820
4.54357 35820
4.55019 35820
4.55682 35820
4.56344 35820
4.57006 35820
4.57669 35820
4.58331 35820
4.58994 35820
4.59656 35820
4.60318 35820
4.60981 35820
4.61643 35820
4.62306 35820
4.62968 35820
4.6363 35820
4.64293 35820
4.64955 35820
4.65618 35820
4.6628 35820
4.66942 35820
4.67605 35820
4.68267 35820
4.6893 35820
4.69592 35820
4.70254 35820
4.70917 35820
4.71579 35820
4.72242 35820
4.72904 35820
4.73566 35820
4.74229 35820
4.74891 35820
4.75554 35820
4.76216 35820
4.76878 35820
4.77541 35820
4.78203 35820
4.78866 35820
4.79528 35820
4.8019 35820
4.80853 35820
4.81515 35820
4.82178 35820
4.8284 35820
4.83502 35820
4.84165 35820
4.84827 35820
4.8549 35820
4.86152 35820
4.86814 35820
4.87477 35820
4.88139 35820
4.88802 35820
4.89464 35820
4.90126 35820
4.90789 35820
4.91451 35820
4.92114 35820
4.92776 35820
4.93438 35820
4.94101 35820
4.94763 35820
4.95426 35820
4.96088 35820
4.9675 35820
4.97413 35820
4.98075 35820
4.98738 35820
4.994 35820
5.00062 35820
5.00725 35820
5.01387 35820
5.0205 35820
5.02712 35820
5.03374 35820
5.04037 35820
5.04699 35820
5.05362 35820
5.06024 35820
5.06686 35820
5.07349 35820
5.08011 35820
5.08674 35820
5.09336 35820
5.09998 35820
5.10661 35820
5.11323 35820
5.11986 35820
5.12648 35820
5.1331 35820
5.13973 35820
5.14635 35820
5.15298 35820
5.1596 35820
5.16622 35820
5.17285 35820
5.17947 35820
5.1861 35820
5.19272 35820
5.19934 35820
5.20597 35820
5.21259 35820
5.21922 35820
5.22584 35820
5.23246 35820
5.23909 35820
5.24571 35820
5.25234 35820
5.25896 35820
5.26558 35820
5.27221 35820
5.27883 35820
5.28546 35820
5.29208 35820
5.2987 35820
5.30533 35820
5.31195 35820
5.31858 35820
5.3252 35820
5.33182 35820
5.33845 35820
5.34507 35820
5.3517 35820
5.35832 35820
5.36494 35820
5.37157 35820
5.37819 35820
5.38482 35820
5.39144 35820
5.39806 35820
5.40469 35820
5.41131 35820
5.41794 35820
5.42456 35820
5.43118 35820
5.43781 35820
5.44443 35820
5.45106 35820
5.45768 35820
5.4643 35820
5.47093 35820
5.47755 35820
5.48418 35820
5.4908 35820
5.49742 35820
5.50405 35820
5.51067 35820
5.5173 35820
5.52392 35820
5.53054 35820
5.53717 35820
5.54379 35820
5.55042 35820
5.55704 35820
5.56366 35820
5.57029 35820
5.57691 35820
5.58354 35820
5.59016 35820
5.59678 35820
5.60341 35820
5.61003 35820
5.61666 35820
5.62328 35820
5.6299 35820
5.63653 35820
5.64315 35820
5.64978 35820
5.6564 35820
5.66302 35820
5.66965 35820
5.67627 35820
5.6829 35820
5.68952 35820
5.69614 35820
5.70277 35820
5.70939 35820
5.71602 35820
5.72264 35820
5.72926 35820
5.73589 35820
5.74251 35820
5.74914 35820
5.75576 35820
5.76238 35820
5.76901 35820
5.77563 35820
5.78226 35820
5.78888 35820
5.7955 35820
5.80213 35820
5.80875 35820
5.81538 35820
5.822 35820
5.82862 35820
5.83525 35820
5.84187 35820
5.8485 35820
5.85512 35820
5.86174 35820
5.86837 35820
5.87499 35820
5.88162 35820
5.88824 35820
5.89486 35820
5.90149 35820
5.90811 35820
5.91474 35820
5.92136 35820
5.92798 35820
5.93461 35820
5.94123 35820
5.94786 35820
5.95448 35820
5.9611 35820
5.96773 35820
5.97435 35820
5.98098 35820
5.9876 35820
5.99422 35820
6.00085 35820
6.00747 35820
6.0141 35820
6.02072 35820
6.02734 35820
6.03397 35820
6.04059 35820
6.04722 35820
6.05384 35820
6.06046 35820
6.06709 35820
6.07371 35820
6.08034 35820
6.08696 35820
6.09358 35820
6.10021 35820
6.10683 35820
6.11346 35820
6.12008 35820
6.1267 35820
6.13333 35820
6.13995 35820
6.14658 35820
6.1532 35820
6.15982 35820
6.16645 35820
6.17307 35820
6.1797 35820
6.18632 35820
6.19294 35820
6.19957 35820
6.20619 35820
6.21282 35820
6.21944 35820
6.22606 35820
6.23269 35820
6.23931 35820
6.24594 35820
6.25256 35820
6.25918 35820
6.26581 35820
6.27243 35820
6.27906 35820
6.28568 35820
6.2923 35820
6.29893 35820
6.30555 35820
6.31218 35820
6.3188 35820
6.32542 35820
6.33205 35820
6.33867 35820
6.3453 35820
6.35192 35820
6.35854 35820
6.36517 35820
6.37179 35820
6.37842 35820
6.38504 35820
6.39166 35820
6.39829 35820
6.40491 35820
6.41154 35820
6.41816 35820
6.42478 35820
6.43141 35820
6.43803 35820
6.44466 35820
6.45128 35820
6.4579 35820
6.46453 35820
6.47115 35820
6.47778 35820
6.4844 35820
6.49102 35820
6.49765 35820
6.50427 35820
6.5109 35820
6.51752 35820
6.52414 35820
6.53077 35820
6.53739 35820
6.54402 35820
6.55064 35820
6.55726 35820
6.56389 35820
6.57051 35820
6.57714 35820
6.58376 35820
6.59038 35820
6.59701 35820
6.60363 35820
6.61026 35820
6.61688 35820
6.6235 35820
6.63013 35820
6.63675 35820
6.64338 35820
6.65 35820
6.65662 35820
6.66325 35820
6.66987 35820
6.6765 35820
6.68312 35820
6.68974 35820
6.69637 35820
6.70299 35820
6.70962 35820
6.71624 35820
6.72286 35820
6.72949 35820
6.73611 35820
6.74274 35820
6.74936 35820
6.75598 35820
6.76261 35820
6.76923 35820
6.77586 35820
6.78248 35820
6.7891 35820
6.79573 35820
6.80235 35820
6.80898 35820
6.8156 35820
6.82222 35820
6.82885 35820
6.83547 35820
6.8421 35820
6.84872 35820
6.85534 35820
6.86197 35820
6.86859 35820
6.87522 35820
6.88184 35820
6.88846 35820
6.89509 35820
6.90171 35820
6.90834 35820
6.91496 35820
6.92158 35820
6.92821 35820
6.93483 35820
6.94146 35820
6.94808 35820
6.9547 35820
6.96133 35820
6.96795 35820
6.97458 35820
6.9812 35820
6.98782 35820
6.99445 35820
7.00107 35820
7.0077 35820
7.01432 35820
7.02094 35820
7.02757 35820
7.03419 35820
7.04082 35820
7.04744 35820
7.05406 35820
7.06069 35820
7.06731 35820
7.07394 35820
7.08056 35820
7.08718 35820
7.09381 35820
7.10043 35820
7.10706 35820
7.11368 35820
7.1203 35820
7.12693 35820
7.13355 35820
7.14018 35820
7.1468 35820
7.15342 35820
7.16005 35820
7.16667 35820
7.1733 35820
7.17992 35820
7.18654 35820
7.19317 35820
7.19979 35820
7.20642 35820
7.21304 35820
7.21966 35820
7.22629 35820
7.23291 35820
7.23954 35820
7.24616 35820
7.25278 35820
7.25941 35820
7.26603 35820
7.27266 35820
7.27928 35820
7.2859 35820
7.29253 35820
7.29915 35820
7.30578 35820
7.3124 35820
7.31902 35820
7.32565 35820
7.33227 35820
7.3389 35820
7.34552 35820
7.35214 35820
7.35877 35820
7.36539 35820
7.37202 35820
7.37864 35820
7.38526 35820
7.39189 35820
7.39851 35820
7.40514 35820
7.41176 35820
7.41838 35820
7.42501 35820
7.43163 35820
7.43826 35820
7.44488 35820
7.4515 35820
7.45813 35820
7.46475 35820
7.47138 35820
7.478 35820
7.48462 35820
7.49125 35820
7.49787 35820
7.5045 35820
7.51112 35820
7.51774 35820
7.52437 35820
7.53099 35820
7.53762 35820
7.54424 35820
7.55086 35820
7.55749 35820
7.56411 35820
7.57074 35820
7.57736 35820
7.58398 35820
7.59061 35820
7.59723 35820
7.60386 35820
7.61048 35820
7.6171 35820
7.62373 35820
7.63035 35820
7.63698 35820
7.6436 35820
7.65022 35820
7.65685 35820
7.66347 35820
7.6701 35820
7.67672 35820
7.68334 35820
7.68997 35820
7.69659 35820
7.70322 35820
7.70984 35820
7.71646 35820
7.72309 35820
7.72971 35820
7.73634 35820
7.74296 35820
7.74958 35820
7.75621 35820
7.76283 35820
7.76946 35820
7.77608 35820
7.7827 35820
7.78933 35820
7.79595 35820
7.80258 35820
7.8092 35820
7.81582 35820
7.82245 35820
7.82907 35820
7.8357 35820
7.84232 35820
7.84894 35820
7.85557 35820
7.86219 35820
7.86882 35820
7.87544 35820
7.88206 35820
7.88869 35820
7.89531 35820
7.90194 35820
7.90856 35820
7.91518 35820
7.92181 35820
7.92843 35820
7.93505 35820
7.94168 35820
7.9483 35820
7.95493 35820
7.96155 35820
7.96817 35820
7.9748 35820
7.98142 35820
7.98805 35820
7.99467 35820
8.00129 35820
8.00792 35820
8.01454 35820
8.02117 35820
8.02779 35820
8.03441 35820
8.04104 35820
8.04766 35820
8.05429 35820
8.06091 35820
8.06753 35820
8.07416 35820
8.08078 35820
8.08741 35820
8.09403 35820
8.10065 35820
8.10728 35820
8.1139 35820
8.12053 35820
8.12715 35820
8.13377 35820
8.1404 35820
8.14702 35820
8.15365 35820
8.16027 35820
8.16689 35820
8.17352 35820
8.18014 35820
8.18677 35820
8.19339 35820
8.20001 35820
8.20664 35820
8.21326 35820
8.21989 35820
8.22651 35820
8.23313 35820
8.23976 35820
8.24638 35820
8.25301 35820
8.25963 35820
8.26625 35820
8.27288 35820
8.2795 35820
8.28613 35820
8.29275 35820
8.29937 35820
8.306 35820
8.31262 35820
8.31925 35820
8.32587 35820
8.33249 35820
8.33912 35820
8.34574 35820
8.35237 35820
8.35899 35820
8.36561 35820
8.37224 35820
8.37886 35820
8.38549 35820
8.39211 35820
8.39873 35820
8.40536 35820
8.41198 35820
8.41861 35820
8.42523 35820
8.43185 35820
8.43848 35820
8.4451 35820
8.45173 35820
8.45835 35820
8.46497 35820
8.4716 35820
8.47822 35820
8.48485 35820
8.49147 35820
8.49809 35820
8.50472 35820
8.51134 35820
8.51797 35820
8.52459 35820
8.53121 35820
8.53784 35820
8.54446 35820
8.55109 35820
8.55771 35820
8.56433 35820
8.57096 35820
8.57758 35820
8.58421 35820
8.59083 35820
8.59745 35820
8.60408 35820
8.6107 35820
8.61733 35820
8.62395 35820
8.63057 35820
8.6372 35820
8.64382 35820
8.65045 35820
8.65707 35820
8.66369 35820
8.67032 35820
8.67694 35820
8.68357 35820
8.69019 35820
8.69681 35820
8.70344 35820
8.71006 35820
8.71669 35820
8.72331 35820
8.72993 35820
8.73656 35820
8.74318 35820
8.74981 35820
8.75643 35820
8.76305 35820
8.76968 35820
8.7763 35820
8.78293 35820
8.78955 35820
8.79617 35820
8.8028 35820
8.80942 35820
8.81605 35820
8.82267 35820
8.82929 35820
8.83592 35820
8.84254 35820
8.84917 35820
8.85579 35820
8.86241 35820
8.86904 35820
8.87566 35820
8.88229 35820
8.88891 35820
8.89553 35820
8.90216 35820
8.90878 35820
8.91541 35820
8.92203 35820
8.92865 35820
8.93528 35820
8.9419 35820
8.94853 35820
8.95515 35820
8.96177 35820
8.9684 35820
8.97502 35820
8.98165 35820
8.98827 35820
8.99489 35820
9.00152 35820
9.00814 35820
9.01477 35820
9.02139 35820
9.02801 35820
9.03464 35820
9.04126 35820
9.04789 35820
9.05451 35820
9.06113 35820
9.06776 35820
9.07438 35820
9.08101 35820
9.08763 35820
9.09425 35820
9.10088 35820
9.1075 35820
9.11413 35820
9.12075 35820
9.12737 35820
9.134 35820
9.14062 35820
9.14725 35820
9.15387 35820
9.16049 35820
9.16712 35820
9.17374 35820
9.18037 35820
9.18699 35820
9.19361 35820
9.20024 35820
9.20686 35820
9.21349 35820
9.22011 35820
9.22673 35820
9.23336 35820
9.23998 35820
9.24661 35820
9.25323 35820
9.25985 35820
9.26648 35820
9.2731 35820
9.27973 35820
9.28635 35820
9.29297 35820
9.2996 35820
9.30622 35820
9.31285 35820
9.31947 35820
9.32609 35820
9.33272 35820
9.33934 35820
9.34597 35820
9.35259 35820
9.35921 35820
9.36584 35820
9.37246 35820
9.37909 35820
9.38571 35820
9.39233 35820
9.39896 35820
9.40558 35820
9.41221 35820
9.41883 35820
9.42545 35820
9.43208 35820
9.4387 35820
9.44533 35820
9.45195 35820
9.45857 35820
9.4652 35820
9.47182 35820
9.47845 35820
9.48507 35820
9.49169 35820
9.49832 35820
9.50494 35820
9.51157 35820
9.51819 35820
9.52481 35820
9.53144 35820
9.53806 35820
9.54469 35820
9.55131 35820
9.55793 35820
9.56456 35820
9.57118 35820
9.57781 35820
9.58443 35820
9.59105 35820
9.59768 35820
9.6043 35820
9.61093 35820
9.61755 35820
9.62417 35820
9.6308 35820
9.63742 35820
9.64405 35820
9.65067 35820
9.65729 35820
9.66392 35820
9.67054 35820
9.67717 35820
9.68379 35820
9.69041 35820
9.69704 35820
9.70366 35820
9.71029 35820
9.71691 35820
9.72353 35820
9.73016 35820
9.73678 35820
9.74341 35820
9.75003 35820
9.75665 35820
9.76328 35820
9.7699 35820
9.77653 35820
9.78315 35820
9.78977 35820
9.7964 35820
9.80302 35820
9.80965 35820
9.81627 35820
9.82289 35820
9.82952 35820
9.83614 35820
9.84277 35820
9.84939 35820
9.85601 35820
9.86264 35820
9.86926 35820
9.87589 35820
9.88251 35820
9.88913 35820
9.89576 35820
9.90238 35820
9.90901 35820
9.91563 35820
9.92225 35820
9.92888 35820
9.9355 35820
9.94213 35820
9.94875 35820
9.95537 35820
9.962 35820
9.96862 35820
9.97525 35820
9.98187 35820
9.98849 35820
9.99512 35820
10.0017 35820
10.0084 35820
