0.101505 1
0.101505 1
0.207659 361
0.207659 721
0.316982 1081
0.316982 1441
0.316982 1801
0.426304 2161
0.426304 2521
0.426304 2881
0.532314 3241
0.532314 3601
0.532314 3961
0.538938 4321
0.538938 4681
0.538938 5041
0.641637 5401
0.641637 5761
0.641637 6121
0.648261 6481
0.648261 6841
0.648261 7201
0.654885 7561
0.654885 7921
0.654885 8281
0.750959 8641
0.750959 9001
0.750959 9361
0.757583 9721
0.757583 10081
0.757583 10441
0.764207 10801
0.764207 11161
0.764207 11521
0.770831 11881
0.770831 12241
0.770831 12601
0.85697 12961
0.85697 13321
0.85697 13681
0.863594 14041
0.863594 14401
0.863594 14761
0.870218 15121
0.870218 15481
0.870218 15841
0.876842 16201
0.876842 16561
0.876842 16921
0.883466 17281
0.883466 17641
0.883466 18001
0.89009 18361
0.89009 18721
0.89009 19081
0.96298 19441
0.96298 19801
0.96298 20161
0.969604 20521
0.969604 20881
0.969604 21241
0.976228 21601
0.976228 21961
0.976228 22321
0.982852 22681
0.982852 23041
0.982852 23401
0.989476 23761
0.989476 24121
0.989476 24481
0.9961 24841
0.9961 25201
0.9961 25561
1.00272 25921
1.00272 26281
1.00272 26641
1.00935 27001
1.00935 27361
1.00935 27721
1.01597 28081
1.01597 28441
1.01597 28801
1.06899 29161
1.06899 29521
1.06899 29881
1.07561 30241
1.07561 30601
1.07561 30961
1.08224 31321
1.08224 31681
1.08224 32041
1.08886 32401
1.08886 32761
1.08886 33121
1.09549 33481
1.09549 33841
1.09549 34201
1.10211 34561
1.10211 34921
1.10211 35281
1.10873 35641
1.10873 36001
1.10873 36361
1.11536 36721
1.11536 37081
1.11536 37441
1.12198 37801
1.12198 38161
1.12198 38521
1.12861 38881
1.12861 39241
1.12861 39601
1.13523 39961
1.13523 40321
1.13523 40681
1.14185 41041
1.14185 41401
1.14185 41761
1.14848 42121
1.14848 42481
1.14848 42841
1.1551 43201
1.1551 43561
1.1551 43921
1.17831 44281
1.17831 44641
1.17831 45001
1.18494 45361
1.18494 45721
1.18494 46081
1.19156 46441
1.19156 46801
1.19156 47161
1.19818 47521
1.19818 47881
1.19818 48241
1.20481 48601
1.20481 48961
1.20481 49321
1.21143 49681
1.21143 50041
1.21143 50401
1.21806 50761
1.21806 51121
1.21806 51481
1.22468 51841
1.22468 52201
1.22468 52561
1.2313 52921
1.2313 53281
1.2313 53641
1.23793 54001
1.23793 54361
1.23793 54721
1.24455 55081
1.24455 55441
1.24455 55801
1.25118 56161
1.25118 56521
1.25118 56881
1.2578 57241
1.2578 57601
1.2578 57961
1.26442 58321
1.26442 58681
1.26442 59041
1.27105 59401
1.27105 59761
1.27105 60121
1.27767 60481
1.27767 60841
1.27767 61201
1.2843 61561
1.2843 61921
1.2843 62281
1.29092 62641
1.29092 63001
1.29092 63361
1.29754 63721
1.29754 64081
1.29754 64441
1.30417 64801
1.30417 65161
1.30417 65521
1.31079 65881
1.31079 66241
1.31079 66601
1.31742 66961
1.31742 67321
1.31742 67681
1.32404 68041
1.32404 68401
1.32404 68761
1.33066 69121
1.33066 69481
1.33066 69841
1.33729 70201
1.33729 70561
1.33729 70921
1.34391 71281
1.34391 71641
1.34391 72001
1.35054 72361
1.35054 72721
1.35054 73081
1.35716 73441
1.35716 73801
1.35716 74161
1.36378 74521
1.36378 74881
1.36378 75241
1.37041 75601
1.37041 75961
1.37041 76321
1.37703 76681
1.37703 77041
1.37703 77401
1.38366 77761
1.38366 78121
1.38366 78481
1.39028 78841
1.39028 79201
1.39028 79561
1.3969 79921
1.3969 80281
1.3969 80641
1.40353 81001
1.40353 81361
1.40353 81721
1.41015 82081
1.41015 82441
1.41015 82801
1.41678 83161
1.41678 83521
1.41678 83881
1.4234 84241
1.4234 84601
1.4234 84961
1.43002 85321
1.43002 85681
1.43002 86041
1.43665 86401
1.43665 86761
1.43665 87121
1.44327 87481
1.44327 87841
1.44327 88201
1.4499 88561
1.4499 88921
1.4499 89281
1.45652 89641
1.45652 90001
1.45652 90361
1.46314 90721
1.46314 91081
1.46314 91441
1.46977 91801
1.46977 92161
1.46977 92521
1.47639 92881
1.47639 93241
1.47639 93601
1.48302 93961
1.48302 94321
1.48302 94681
1.48964 95041
1.48964 95401
1.48964 95761
1.49626 96121
1.49626 96481
1.49626 96841
1.50289 97201
1.50289 97561
1.50289 97921
1.50951 98281
1.50951 98641
1.50951 99001
1.51614 99361
1.51614 99721
1.51614 100081
1.52276 100441
1.52276 100801
1.52276 101161
1.52938 101521
1.52938 101881
1.52938 102241
1.53601 102601
1.53601 102961
1.53601 103321
1.54263 103681
1.54263 104041
1.54263 104401
1.54926 104761
1.54926 105121
1.54926 105481
1.55588 105841
1.55588 106201
1.55588 106561
1.5625 106921
1.5625 107281
1.5625 107641
1.56913 108001
1.56913 108361
1.56913 108721
1.57575 109081
1.57575 109441
1.57575 109801
1.58238 110161
1.58238 110521
1.58238 110881
1.589 111241
1.589 111601
1.589 111961
1.59562 112321
1.59562 112681
1.59562 113041
1.60225 113401
1.60225 113761
1.60225 114121
1.60887 114481
1.60887 114841
1.60887 115201
1.6155 115561
1.6155 115921
1.6155 116281
1.62212 116641
1.62212 117001
1.62212 117361
1.62874 117721
1.62874 118081
1.62874 118441
1.63537 118801
1.63537 119161
1.63537 119521
1.64199 119881
1.64199 120241
1.64199 120601
1.64862 120961
1.64862 121321
1.64862 121681
1.65524 122041
1.65524 122401
1.65524 122761
1.66186 123121
1.66186 123481
1.66186 123841
1.66849 124201
1.66849 124561
1.66849 124921
1.67511 125281
1.67511 125641
1.67511 126001
1.68174 126361
1.68174 126721
1.68174 127081
1.68836 127441
1.68836 127801
1.68836 128161
1.69498 128521
1.69498 128881
1.69498 129241
1.70161 129601
1.70161 129961
1.70161 130321
1.70823 130681
1.70823 131041
1.70823 131401
1.71486 131761
1.71486 132121
1.71486 132481
1.72148 132841
1.72148 133201
1.72148 133561
1.7281 133921
1.7281 134281
1.7281 134641
1.73473 135001
1.73473 135361
1.73473 135721
1.74135 136081
1.74135 136441
1.74135 136801
1.74798 137161
1.74798 137521
1.74798 137881
1.7546 138241
1.7546 138601
1.7546 138961
1.76122 139321
1.76122 139681
1.76122 140041
1.76785 140401
1.76785 140761
1.76785 141121
1.77447 141481
1.77447 141841
1.77447 142201
1.7811 142561
1.7811 142921
1.7811 143281
1.78772 143641
1.78772 144001
1.78772 144361
1.79434 144721
1.79434 145081
1.79434 145441
1.80097 145801
1.80097 146161
1.80097 146521
1.80759 146881
1.80759 147241
1.80759 147601
1.81422 147961
1.81422 148321
1.81422 148681
1.82084 149041
1.82084 149401
1.82084 149761
1.82746 150121
1.82746 150481
1.82746 150841
1.83409 151201
1.83409 151561
1.83409 151921
1.84071 152281
1.84071 152641
1.84071 153001
1.84734 153361
1.84734 153721
1.84734 154081
1.85396 154441
1.85396 154801
1.85396 155161
1.86058 155521
1.86058 155881
1.86058 156241
1.86721 156601
1.86721 156961
1.86721 157321
1.87383 157681
1.87383 158041
1.87383 158401
1.88046 158761
1.88046 159121
1.88046 159481
1.88708 159841
1.88708 160201
1.88708 160561
1.8937 160921
1.8937 161281
1.8937 161641
1.90033 162001
1.90033 162361
1.90033 162721
1.90695 163081
1.90695 163441
1.90695 163801
1.91358 164161
1.91358 164521
1.91358 164881
1.9202 165241
1.9202 165601
1.9202 165961
1.92682 166321
1.92682 166681
1.92682 167041
1.93345 167401
1.93345 167761
1.93345 168121
1.94007 168481
1.94007 168841
1.94007 169201
1.9467 169561
1.9467 169921
1.9467 170281
1.95332 170641
1.95332 171001
1.95332 171361
1.95994 171721
1.95994 172081
1.95994 172441
1.96657 172801
1.96657 173161
1.96657 173521
1.97319 173881
1.97319 174241
1.97319 174601
1.97982 174961
1.97982 175321
1.97982 175681
1.98644 176041
1.98644 176401
1.98644 176761
1.99306 177121
1.99306 177481
1.99306 177841
1.99969 178201
1.99969 178561
1.99969 178921
2.00631 179281
2.00631 179641
2.00631 180001
2.01294 180361
2.01294 180721
2.01294 181081
2.01956 181441
2.01956 181801
2.01956 182161
2.02618 182521
2.02618 182881
2.02618 183241
2.03281 183601
2.03281 183961
2.03281 184321
2.03943 184681
2.03943 185041
2.03943 185401
2.04606 185761
2.04606 186121
2.04606 186481
2.05268 186841
2.05268 187201
2.05268 187561
2.0593 187921
2.0593 188281
2.0593 188641
2.06593 189001
2.06593 189361
2.06593 189721
2.07255 190081
2.07255 190441
2.07255 190801
2.07918 191161
2.07918 191521
2.07918 191881
2.0858 192241
2.0858 192601
2.0858 192961
2.09242 193321
2.09242 193681
2.09242 194041
2.09905 194401
2.09905 194761
2.09905 195121
2.10567 195481
2.10567 195841
2.10567 196201
2.1123 196561
2.1123 196921
2.1123 197281
2.11892 197641
2.11892 198001
2.11892 198361
2.12554 198721
2.12554 199081
2.12554 199441
2.13217 199801
2.13217 200161
2.13217 200521
2.13879 200881
2.13879 201241
2.13879 201601
2.14542 201961
2.14542 202321
2.14542 202681
2.15204 203041
2.15204 203401
2.15204 203761
2.15866 204121
2.15866 204481
2.15866 204841
2.16529 205201
2.16529 205561
2.16529 205921
2.17191 206281
2.17191 206641
2.17191 207001
2.17854 207361
2.17854 207721
2.17854 208081
2.18516 208441
2.18516 208801
2.18516 209161
2.19178 209521
2.19178 209881
2.19178 210241
2.19841 210601
2.19841 210961
2.19841 211321
2.20503 211681
2.20503 212041
2.20503 212401
2.21166 212761
2.21166 213121
2.21166 213481
2.22159 142201
2.65215 143281
2.65215 143641
2.75816 144361
2.75816 144721
2.75816 145081
2.86417 145441
2.86417 145801
2.86417 146161
2.86417 146521
2.97018 146881
2.97018 147241
2.97018 147601
2.97018 147961
2.98012 148321
2.98012 148681
2.98012 149041
2.98012 149401
3.08282 149761
3.08282 150121
3.08282 150481
3.08282 150841
3.09275 151201
3.09275 151561
3.09275 151921
3.09275 152281
3.18883 152641
3.18883 153001
3.18883 153361
3.18883 153721
3.19876 154081
3.19876 154441
3.19876 154801
3.19876 155161
3.2087 155521
3.2087 155881
3.2087 156241
3.2087 156601
3.29815 156961
3.29815 157321
3.29815 157681
3.29815 158041
3.30809 158401
3.30809 158761
3.30809 159121
3.30809 159481
3.31802 159841
3.31802 160201
3.31802 160561
3.31802 160921
3.32796 161281
3.32796 161641
3.32796 162001
3.32796 162361
3.40747 162721
3.40747 163081
3.40747 163441
3.40747 163801
3.41741 164161
3.41741 164521
3.41741 164881
3.41741 165241
3.42735 165601
3.42735 165961
3.42735 166321
3.42735 166681
3.43728 167041
3.43728 167401
3.43728 167761
3.43728 168121
3.44722 168481
3.44722 168841
3.44722 169201
3.44722 169561
3.51348 169921
3.51348 170281
3.51348 170641
3.51348 171001
3.52342 171361
3.52342 171721
3.52342 172081
3.52342 172441
3.53336 172801
3.53336 173161
3.53336 173521
3.53336 173881
3.54329 174241
3.54329 174601
3.54329 174961
3.54329 175321
3.55323 175681
3.55323 176041
3.55323 176401
3.55323 176761
3.56316 177121
3.56316 177481
3.56316 177841
3.56316 178201
3.5731 178561
3.5731 178921
3.5731 179281
3.5731 179641
3.62281 180001
3.62281 180361
3.62281 180721
3.62281 181081
3.63274 181441
3.63274 181801
3.63274 182161
3.63274 182521
3.64268 182881
3.64268 183241
3.64268 183601
3.64268 183961
3.65261 184321
3.65261 184681
3.65261 185041
3.65261 185401
3.66255 185761
3.66255 186121
3.66255 186481
3.66255 186841
3.67249 187201
3.67249 187561
3.67249 187921
3.67249 188281
3.68242 188641
3.68242 189001
3.68242 189361
3.68242 189721
3.69236 190081
3.69236 190441
3.69236 190801
3.69236 191161
3.70229 191521
3.70229 191881
3.70229 192241
3.70229 192601
3.72882 192961
3.72882 193321
3.72882 193681
3.72882 194041
3.73875 194401
3.73875 194761
3.73875 195121
3.73875 195481
3.74869 195841
3.74869 196201
3.74869 196561
3.74869 196921
3.75862 197281
3.75862 197641
3.75862 198001
3.75862 198361
3.76856 198721
3.76856 199081
3.76856 199441
3.76856 199801
3.7785 200161
3.7785 200521
3.7785 200881
3.7785 201241
3.78843 201601
3.78843 201961
3.78843 202321
3.78843 202681
3.79837 203041
3.79837 203401
3.79837 203761
3.79837 204121
3.8083 204481
3.8083 204841
3.8083 205201
3.8083 205561
3.81824 205921
3.81824 206281
3.81824 206641
3.81824 207001
3.82818 207361
3.82818 207721
3.82818 208081
3.82818 208441
3.83811 208801
3.83811 209161
3.83811 209521
3.83811 209881
3.84805 210241
3.84805 210601
3.84805 210961
3.84805 211321
3.85798 211681
3.85798 212041
3.85798 212401
3.85798 212761
3.86792 213121
3.86792 213481
3.86792 213841
3.86792 214201
3.87786 214561
3.87786 214921
3.87786 215281
3.87786 215641
3.88779 216001
3.88779 216361
3.88779 216721
3.88779 217081
3.89773 217441
3.89773 217801
3.89773 218161
3.89773 218521
3.90766 218881
3.90766 219241
3.90766 219601
3.90766 219961
3.9176 220321
3.9176 220681
3.9176 221041
3.9176 221401
3.92754 221761
3.92754 222121
3.92754 222481
3.92754 222841
3.93747 223201
3.93747 223561
3.93747 223921
3.93747 224281
3.94741 224641
3.94741 225001
3.94741 225361
3.94741 225721
3.95734 226081
3.95734 226441
3.95734 226801
3.95734 227161
3.96728 227521
3.96728 227881
3.96728 228241
3.96728 228601
3.97722 228961
3.97722 229321
3.97722 229681
3.97722 230041
3.98715 230401
3.98715 230761
3.98715 231121
3.98715 231481
3.99709 231841
3.99709 232201
3.99709 232561
3.99709 232921
4.00702 233281
4.00702 233641
4.00702 234001
4.00702 234361
4.01696 234721
4.01696 235081
4.01696 235441
4.01696 235801
4.0269 236161
4.0269 236521
4.0269 236881
4.0269 237241
4.04014 237601
4.04014 237961
4.04014 238321
4.04677 238681
4.04677 239041
4.04677 239401
4.05339 239761
4.05339 240121
4.05339 240481
4.06002 240841
4.06002 241201
4.06002 241561
4.06664 241921
4.06664 242281
4.06664 242641
4.07326 243001
4.07326 243361
4.07326 243721
4.07989 244081
4.07989 244441
4.07989 244801
4.08651 245161
4.08651 245521
4.08651 245881
4.09314 246241
4.09314 246601
4.09314 246961
4.09976 247321
4.09976 247681
4.09976 248041
4.10638 248401
4.10638 248761
4.10638 249121
4.11301 249481
4.11301 249841
4.11301 250201
4.11963 250561
4.11963 250921
4.11963 251281
4.12626 251641
4.12626 252001
4.12626 252361
4.13288 252721
4.13288 253081
4.13288 253441
4.1395 253801
4.1395 254161
4.1395 254521
4.14613 254881
4.14613 255241
4.14613 255601
4.15275 255961
4.15275 256321
4.15275 256681
4.15938 257041
4.15938 257401
4.15938 257761
4.166 258121
4.166 258481
4.166 258841
4.17262 259201
4.17262 259561
4.17262 259921
4.17925 260281
4.17925 260641
4.17925 261001
4.18587 261361
4.18587 261721
4.18587 262081
4.1925 262441
4.1925 262801
4.1925 263161
4.19912 263521
4.19912 263881
4.19912 264241
4.20574 264601
4.20574 264961
4.20574 265321
4.21237 265681
4.21237 266041
4.21237 266401
4.21899 266761
4.21899 267121
4.21899 267481
4.22562 267841
4.22562 268201
4.22562 268561
4.23224 268921
4.23224 269281
4.23224 269641
4.23886 270001
4.23886 270361
4.23886 270721
4.24549 271081
4.24549 271441
4.24549 271801
4.25211 272161
4.25211 272521
4.25211 272881
4.25874 273241
4.25874 273601
4.26536 273961
4.26536 274321
4.27198 274681
4.27198 275041
4.27861 275401
4.27861 275761
4.28523 276121
4.28523 276481
4.29186 276841
4.29186 277201
4.29848 277561
4.29848 277921
4.3051 278281
4.3051 278641
4.31173 279001
4.31173 279361
4.31835 279721
4.31835 280081
4.32498 280441
4.32498 280801
4.3316 281161
4.3316 281521
4.33822 281881
4.33822 282241
4.34485 282601
4.34485 282961
4.35147 283321
4.35147 283681
4.3581 284041
4.3581 284401
4.36472 284761
4.36472 285121
4.37134 285481
4.37134 285841
4.37797 286201
4.37797 286561
4.38459 286921
4.38459 287281
4.39122 287641
4.39122 288001
4.39784 288361
4.39784 288721
4.40446 289081
4.40446 289441
4.41109 289801
4.41109 290161
4.41771 290521
4.41771 290881
4.42434 291241
4.42434 291601
4.43096 291961
4.43096 292321
4.43758 292681
4.43758 293041
4.44421 293401
4.44421 293761
4.45083 294121
4.45083 294481
4.45746 294841
4.45746 295201
4.46408 295561
4.46408 295921
4.4707 296281
4.4707 296641
4.47733 297001
4.47733 297361
4.48395 297721
4.48395 298081
4.49058 298441
4.49058 298801
4.4972 299161
4.4972 299521
4.50382 299881
4.50382 300241
4.51045 300601
4.51045 300961
4.51707 301321
4.51707 301681
4.5237 302041
4.5237 302401
4.53032 302761
4.53032 303121
4.53694 303481
4.53694 303841
4.54357 304201
4.54357 304561
4.55019 304921
4.55019 305281
4.55682 305641
4.55682 306001
4.56344 306361
4.56344 306721
4.57006 307081
4.57006 307441
4.57669 307801
4.57669 308161
4.58331 308521
4.58331 308881
4.58994 309241
4.58994 309601
4.59656 309961
4.59656 310321
4.60318 310681
4.60318 311041
4.60981 311401
4.60981 311761
4.61643 312121
4.61643 312481
4.62306 312841
4.62306 313201
4.62968 313561
4.62968 313921
4.6363 314281
4.6363 314641
4.64293 315001
4.64293 315361
4.64955 315721
4.64955 316081
4.65618 316441
4.65618 316801
4.6628 317161
4.6628 317521
4.66942 317881
4.66942 318241
4.67605 318601
4.67605 318961
4.68267 319321
4.68267 319681
4.6893 320041
4.6893 320401
4.69592 320761
4.69592 321121
4.70254 321481
4.70254 321841
4.70917 322201
4.70917 322561
4.71579 322921
4.71579 323281
4.72242 323641
4.72242 324001
4.72904 324361
4.72904 324721
4.73566 325081
4.73566 325441
4.74229 325801
4.74229 326161
4.74891 326521
4.74891 326881
4.75554 327241
4.75554 327601
4.76216 327961
4.76216 328321
4.76878 328681
4.76878 329041
4.77541 329401
4.77541 329761
4.78203 330121
4.78203 330481
4.78866 330841
4.78866 331201
4.79528 331561
4.79528 331921
4.8019 332281
4.8019 332641
4.80853 333001
4.80853 333361
4.81515 333721
4.81515 334081
4.82178 334441
4.82178 334801
4.8284 335161
4.8284 335521
4.83502 335881
4.83502 336241
4.84165 336601
4.84165 336961
4.84827 337321
4.84827 337681
4.8549 338041
4.8549 338401
4.86152 338761
4.86152 339121
4.86814 339481
4.86814 339841
4.87477 340201
4.87477 340561
4.88139 340921
4.88139 341281
4.88802 341641
4.88802 342001
4.89464 342361
4.89464 342721
4.90126 343081
4.90126 343441
4.90789 343801
4.90789 344161
4.91451 344521
4.91451 344881
4.92114 345241
4.92114 345601
4.92776 345961
4.92776 346321
4.93438 346681
4.93438 347041
4.94101 347401
4.94101 347761
4.94763 348121
4.94763 348481
4.95426 348841
4.95426 349201
4.96088 349561
4.96088 349921
4.9675 350281
4.9675 350641
4.97413 351001
4.97413 351361
4.98075 351721
4.98075 352081
4.98738 352441
4.98738 352801
4.994 353161
4.994 353521
5.00062 353881
5.00062 354241
5.00725 354601
5.00725 354961
5.01387 355321
5.01387 355681
5.0205 356041
5.0205 356401
5.02712 356761
5.02712 357121
5.03374 357481
5.03374 357841
5.04037 358201
5.04037 358561
5.04699 358921
5.04699 359281
5.04699 359641
5.05362 360001
5.05362 360361
5.06024 360721
5.06024 361081
5.06686 361441
5.06686 361801
5.07349 362161
5.07349 362521
5.08011 362881
5.08011 363241
5.08674 363601
5.08674 363961
5.09336 364321
5.09336 364681
5.09998 365041
5.09998 365401
5.10661 365761
5.10661 366121
5.11323 366481
5.11323 366841
5.11986 367201
5.11986 367561
5.12648 367921
5.12648 368281
5.1331 368641
5.1331 369001
5.13973 369361
5.13973 369721
5.14635 370081
5.14635 370441
5.15298 370801
5.15298 371161
5.1596 371521
5.1596 371881
5.16622 372241
5.16622 372601
5.17285 372961
5.17285 373321
5.17947 373681
5.17947 374041
5.1861 374401
5.1861 374761
5.19272 375121
5.19272 375481
5.19934 375841
5.19934 376201
5.20597 376561
5.20597 376921
5.21259 377281
5.21259 377641
5.21922 378001
5.21922 378361
5.22584 378721
5.22584 379081
5.23246 379441
5.23246 379801
5.23909 380161
5.23909 380521
5.24571 380881
5.24571 381241
5.25234 381601
5.25234 381961
5.25896 382321
5.25896 382681
5.26558 383041
5.26558 383401
5.27221 383761
5.27221 384121
5.27883 384481
5.27883 384841
5.28546 385201
5.28546 385561
5.29208 385921
5.29208 386281
5.2987 386641
5.2987 387001
5.30533 387361
5.30533 387721
5.31195 388081
5.31195 388441
5.31858 388801
5.31858 389161
5.3252 389521
5.3252 389881
5.33182 390241
5.33182 390601
5.33845 390961
5.33845 391321
5.34507 391681
5.34507 392041
5.3517 392401
5.3517 392761
5.35832 393121
5.35832 393481
5.36494 393841
5.36494 394201
5.37157 394561
5.37157 394921
5.37819 395281
5.37819 395641
5.38482 396001
5.38482 396361
5.39144 396721
5.39144 397081
5.39806 397441
5.39806 397801
5.40469 398161
5.40469 398521
5.41131 398881
5.41131 399241
5.41794 399601
5.41794 399961
5.42456 400321
5.42456 400681
5.43118 401041
5.43118 401401
5.43781 401761
5.43781 402121
5.44443 402481
5.44443 402841
5.45106 403201
5.45106 403561
5.45768 403921
5.45768 404281
5.4643 404641
5.4643 405001
5.47093 405361
5.47093 405721
5.47755 406081
5.47755 406441
5.48418 406801
5.48418 407161
5.4908 407521
5.4908 407881
5.49742 408241
5.49742 408601
5.50405 408961
5.50405 409321
5.51067 409681
5.51067 410041
5.5173 410401
5.5173 410761
5.52392 411121
5.52392 411481
5.53054 411841
5.53054 412201
5.53717 412561
5.53717 412921
5.54379 413281
5.54379 413641
5.55042 414001
5.55042 414361
5.55704 414721
5.55704 415081
5.56366 415441
5.56366 415801
5.57029 416161
5.57029 416521
5.57691 416881
5.57691 417241
5.58354 417601
5.58354 417961
5.59016 418321
5.59016 418681
5.59678 419041
5.59678 419401
5.60341 419761
5.60341 420121
5.61003 420481
5.61003 420841
5.61666 421201
5.61666 421561
5.62328 421921
5.62328 422281
5.6299 422641
5.6299 423001
5.63653 423361
5.63653 423721
5.64315 424081
5.64315 424441
5.64978 424801
5.64978 425161
5.6564 425521
5.6564 425881
5.66302 426241
5.66302 426601
5.66965 426961
5.66965 427321
5.67627 427681
5.67627 428041
5.6829 428401
5.6829 428761
5.68952 429121
5.68952 429481
5.69614 429841
5.69614 430201
5.70277 430561
5.70277 430921
5.70939 431281
5.70939 431641
5.71602 432001
5.71602 432361
5.72264 432721
5.72264 433081
5.72926 433441
5.72926 433801
5.73589 434161
5.73589 434521
5.74251 434881
5.74251 435241
5.74914 435601
5.74914 435961
5.75576 436321
5.75576 436681
5.76238 437041
5.76238 437401
5.76901 437761
5.76901 438121
5.77563 438481
5.77563 438841
5.78226 439201
5.78226 439561
5.78888 439921
5.78888 440281
5.7955 440641
5.7955 441001
5.80213 441361
5.80213 441721
5.80875 442081
5.80875 442441
5.81538 442801
5.81538 443161
5.822 443521
5.822 443881
5.82862 444241
5.82862 444601
5.83525 444961
5.83525 445321
5.84187 445681
5.84187 446041
5.84187 446401
5.8485 446761
5.8485 447121
5.85512 447481
5.85512 447841
5.86174 448201
5.86174 448561
5.86837 448921
5.86837 449281
5.87499 449641
5.87499 450001
5.88162 450361
5.88162 450721
5.88824 451081
5.88824 451441
5.89486 451801
5.89486 452161
5.90149 452521
5.90149 452881
5.90811 453241
5.90811 453601
5.91474 453961
5.91474 454321
5.92136 454681
5.92136 455041
5.92798 455401
5.92798 455761
5.93461 456121
5.93461 456481
5.94123 456841
5.94123 457201
5.94786 457561
5.94786 457921
5.95448 458281
5.95448 458641
5.9611 459001
5.9611 459361
5.96773 459721
5.96773 460081
5.97435 460441
5.97435 460801
5.98098 461161
5.98098 461521
5.9876 461881
5.9876 462241
5.99422 462601
5.99422 462961
6.00085 463321
6.00085 463681
6.00747 464041
6.00747 464401
6.0141 464761
6.0141 465121
6.02072 465481
6.02072 465841
6.02734 466201
6.02734 466561
6.03397 466921
6.03397 467281
6.04059 467641
6.04059 468001
6.04722 468361
6.04722 468721
6.05384 469081
6.05384 469441
6.06046 469801
6.06046 470161
6.06709 470521
6.06709 470881
6.07371 471241
6.07371 471601
6.08034 471961
6.08034 472321
6.08696 472681
6.08696 473041
6.09358 473401
6.09358 473761
6.10021 474121
6.10021 474481
6.10683 474841
6.10683 475201
6.11346 475561
6.11346 475921
6.12008 476281
6.12008 476641
6.1267 477001
6.1267 477361
6.13333 477721
6.13333 478081
6.13995 478441
6.13995 478801
6.14658 479161
6.14658 479521
6.1532 479881
6.1532 480241
6.15982 480601
6.15982 480961
6.16645 481321
6.16645 481681
6.17307 482041
6.17307 482401
6.1797 482761
6.1797 483121
6.18632 483481
6.18632 483841
6.19294 484201
6.19294 484561
6.19957 484921
6.19957 485281
6.20619 485641
6.20619 486001
6.21282 486361
6.21282 486721
6.21944 487081
6.21944 487441
6.22606 487801
6.22606 488161
6.23269 488521
6.23269 488881
6.23931 489241
6.23931 489601
6.24594 489961
6.24594 490321
6.25256 490681
6.25256 491041
6.25918 491401
6.25918 491761
6.26581 492121
6.26581 492481
6.27243 492841
6.27243 493201
6.27906 493561
6.27906 493921
6.28568 494281
6.28568 494641
6.2923 495001
6.2923 495361
6.29893 495721
6.29893 496081
6.30555 496441
6.30555 496801
6.31218 497161
6.31218 497521
6.3188 497881
6.3188 498241
6.32542 498601
6.32542 498961
6.33205 499321
6.33205 499681
6.33867 500041
6.33867 500401
6.3453 500761
6.3453 501121
6.35192 501481
6.35192 501841
6.35854 502201
6.35854 502561
6.36517 502921
6.36517 503281
6.37179 503641
6.37179 504001
6.37842 504361
6.37842 504721
6.38504 505081
6.38504 505441
6.39166 505801
6.39166 506161
6.39829 506521
6.39829 506881
6.40491 507241
6.40491 507601
6.41154 507961
6.41154 508321
6.41816 508681
6.41816 509041
6.42478 509401
6.42478 509761
6.43141 510121
6.43141 510481
6.43803 510841
6.43803 511201
6.44466 511561
6.44466 511921
6.45128 512281
6.45128 512641
6.4579 513001
6.4579 513361
6.46453 513721
6.46453 514081
6.47115 514441
6.47115 514801
6.47778 515161
6.47778 515521
6.4844 515881
6.4844 516241
6.49102 516601
6.49102 516961
6.49765 517321
6.49765 517681
6.50427 518041
6.50427 518401
6.5109 518761
6.5109 519121
6.51752 519481
6.51752 519841
6.52414 520201
6.52414 520561
6.53077 520921
6.53077 521281
6.53739 521641
6.53739 522001
6.54402 522361
6.54402 522721
6.55064 523081
6.55064 523441
6.55726 523801
6.55726 524161
6.56389 524521
6.56389 524881
6.57051 525241
6.57051 525601
6.57714 525961
6.57714 526321
6.58376 526681
6.58376 527041
6.59038 527401
6.59038 527761
6.59701 528121
6.59701 528481
6.60363 528841
6.60363 529201
6.61026 529561
6.61026 529921
6.61688 530281
6.61688 530641
6.6235 531001
6.6235 531361
6.63013 531721
6.63013 532081
6.63675 532441
6.63675 532801
6.63675 533161
6.64338 533521
6.64338 533881
6.65 534241
6.65 534601
6.65662 534961
6.65662 535321
6.66325 535681
6.66325 536041
6.66987 536401
6.66987 536761
6.6765 537121
6.6765 537481
6.68312 537841
6.68312 538201
6.68974 538561
6.68974 538921
6.69637 539281
6.69637 539641
6.70299 540001
6.70299 540361
6.70962 540721
6.70962 541081
6.71624 541441
6.71624 541801
6.72286 542161
6.72286 542521
6.72949 542881
6.72949 543241
6.73611 543601
6.73611 543961
6.74274 544321
6.74274 544681
6.74936 545041
6.74936 545401
6.75598 545761
6.75598 546121
6.76261 546481
6.76261 546841
6.76923 547201
6.76923 547561
6.77586 547921
6.77586 548281
6.78248 548641
6.78248 549001
6.7891 549361
6.7891 549721
6.79573 550081
6.79573 550441
6.80235 550801
6.80235 551161
6.80898 551521
6.80898 551881
6.8156 552241
6.8156 552601
6.82222 552961
6.82222 553321
6.82885 553681
6.82885 554041
6.83547 554401
6.83547 554761
6.8421 555121
6.8421 555481
6.84872 555841
6.84872 556201
6.85534 556561
6.85534 556921
6.86197 557281
6.86197 557641
6.86859 558001
6.86859 558361
6.87522 558721
6.87522 559081
6.88184 559441
6.88184 559801
6.88846 560161
6.88846 560521
6.89509 560881
6.89509 561241
6.90171 561601
6.90171 561961
6.90834 562321
6.90834 562681
6.91496 563041
6.91496 563401
6.92158 563761
6.92158 564121
6.92821 564481
6.92821 564841
6.93483 565201
6.93483 565561
6.94146 565921
6.94146 566281
6.94808 566641
6.94808 567001
6.9547 567361
6.9547 567721
6.96133 568081
6.96133 568441
6.96795 568801
6.96795 569161
6.97458 569521
6.97458 569881
6.9812 570241
6.9812 570601
6.98782 570961
6.98782 571321
6.99445 571681
6.99445 572041
7.00107 572401
7.00107 572761
7.0077 573121
7.0077 573481
7.01432 573841
7.01432 574201
7.02094 574561
7.02094 574921
7.02757 575281
7.02757 575641
7.03419 576001
7.03419 576361
7.04082 576721
7.04082 577081
7.04744 577441
7.04744 577801
7.05406 578161
7.05406 578521
7.06069 578881
7.06069 579241
7.06731 579601
7.06731 579961
7.07394 580321
7.07394 580681
7.08056 581041
7.08056 581401
7.08718 581761
7.08718 582121
7.09381 582481
7.09381 582841
7.10043 583201
7.10043 583561
7.10706 583921
7.10706 584281
7.11368 584641
7.11368 585001
7.1203 585361
7.1203 585721
7.12693 586081
7.12693 586441
7.13355 586801
7.13355 587161
7.14018 587521
7.14018 587881
7.1468 588241
7.1468 588601
7.15342 588961
7.15342 589321
7.16005 589681
7.16005 590041
7.16667 590401
7.16667 590761
7.1733 591121
7.1733 591481
7.17992 591841
7.17992 592201
7.18654 592561
7.18654 592921
7.19317 593281
7.19317 593641
7.19979 594001
7.19979 594361
7.20642 594721
7.20642 595081
7.21304 595441
7.21304 595801
7.21966 596161
7.21966 596521
7.22629 596881
7.22629 597241
7.23291 597601
7.23291 597961
7.23954 598321
7.23954 598681
7.24616 599041
7.24616 599401
7.25278 599761
7.25278 600121
7.25941 600481
7.25941 600841
7.26603 601201
7.26603 601561
7.27266 601921
7.27266 602281
7.27928 602641
7.27928 603001
7.2859 603361
7.2859 603721
7.29253 604081
7.29253 604441
7.29915 604801
7.29915 605161
7.30578 605521
7.30578 605881
7.3124 606241
7.3124 606601
7.31902 606961
7.31902 607321
7.32565 607681
7.32565 608041
7.33227 608401
7.33227 608761
7.3389 609121
7.3389 609481
7.34552 609841
7.34552 610201
7.35214 610561
7.35214 610921
7.35877 611281
7.35877 611641
7.36539 612001
7.36539 612361
7.37202 612721
7.37202 613081
7.37864 613441
7.37864 613801
7.38526 614161
7.38526 614521
7.39189 614881
7.39189 615241
7.39851 615601
7.39851 615961
7.40514 616321
7.40514 616681
7.41176 617041
7.41176 617401
7.41838 617761
7.41838 618121
7.42501 618481
7.42501 618841
7.43163 619201
7.43163 619561
7.43163 619921
7.43826 620281
7.43826 620641
7.44488 621001
7.44488 621361
7.4515 621721
7.4515 622081
7.45813 622441
7.45813 622801
7.46475 623161
7.46475 623521
7.47138 623881
7.47138 624241
7.478 624601
7.478 624961
7.48462 625321
7.48462 625681
7.49125 626041
7.49125 626401
7.49787 626761
7.49787 627121
7.5045 627481
7.5045 627841
7.51112 628201
7.51112 628561
7.51774 628921
7.51774 629281
7.52437 629641
7.52437 630001
7.53099 630361
7.53099 630721
7.53762 631081
7.53762 631441
7.54424 631801
7.54424 632161
7.55086 632521
7.55086 632881
7.55749 633241
7.55749 633601
7.56411 633961
7.56411 634321
7.57074 634681
7.57074 635041
7.57736 635401
7.57736 635761
7.58398 636121
7.58398 636481
7.59061 636841
7.59061 637201
7.59723 637561
7.59723 637921
7.60386 638281
7.60386 638641
7.61048 639001
7.61048 639361
7.6171 639721
7.6171 640081
7.62373 640441
7.62373 640801
7.63035 641161
7.63035 641521
7.63698 641881
7.63698 642241
7.6436 642601
7.6436 642961
7.65022 643321
7.65022 643681
7.65685 644041
7.65685 644401
7.66347 644761
7.66347 645121
7.6701 645481
7.6701 645841
7.67672 646201
7.67672 646561
7.68334 646921
7.68334 647281
7.68997 647641
7.68997 648001
7.69659 648361
7.69659 648721
7.70322 649081
7.70322 649441
7.70984 649801
7.70984 650161
7.71646 650521
7.71646 650881
7.72309 651241
7.72309 651601
7.72971 651961
7.72971 652321
7.73634 652681
7.73634 653041
7.74296 653401
7.74296 653761
7.74958 654121
7.74958 654481
7.75621 654841
7.75621 655201
7.76283 655561
7.76283 655921
7.76946 656281
7.76946 656641
7.77608 657001
7.77608 657361
7.7827 657721
7.7827 658081
7.78933 658441
7.78933 658801
7.79595 659161
7.79595 659521
7.80258 659881
7.80258 660241
7.8092 660601
7.8092 660961
7.81582 661321
7.81582 661681
7.82245 662041
7.82245 662401
7.82907 662761
7.82907 663121
7.8357 663481
7.8357 663841
7.84232 664201
7.84232 664561
7.84894 664921
7.84894 665281
7.85557 665641
7.85557 666001
7.86219 666361
7.86219 666721
7.86882 667081
7.86882 667441
7.87544 667801
7.87544 668161
7.88206 668521
7.88206 668881
7.88869 669241
7.88869 669601
7.89531 669961
7.89531 670321
7.90194 670681
7.90194 671041
7.90856 671401
7.90856 671761
7.91518 672121
7.91518 672481
7.92181 672841
7.92181 673201
7.92843 673561
7.92843 673921
7.93505 674281
7.93505 674641
7.94168 675001
7.94168 675361
7.9483 675721
7.9483 676081
7.95493 676441
7.95493 676801
7.96155 677161
7.96155 677521
7.96817 677881
7.96817 678241
7.9748 678601
7.9748 678961
7.98142 679321
7.98142 679681
7.98805 680041
7.98805 680401
7.99467 680761
7.99467 681121
8.00129 681481
8.00129 681841
8.00792 682201
8.00792 682561
8.01454 682921
8.01454 683281
8.02117 683641
8.02117 684001
8.02779 684361
8.02779 684721
8.03441 685081
8.03441 685441
8.04104 685801
8.04104 686161
8.04766 686521
8.04766 686881
8.05429 687241
8.05429 687601
8.06091 687961
8.06091 688321
8.06753 688681
8.06753 689041
8.07416 689401
8.07416 689761
8.08078 690121
8.08078 690481
8.08741 690841
8.08741 691201
8.09403 691561
8.09403 691921
8.10065 692281
8.10065 692641
8.10728 693001
8.10728 693361
8.1139 693721
8.1139 694081
8.12053 694441
8.12053 694801
8.12715 695161
8.12715 695521
8.13377 695881
8.13377 696241
8.1404 696601
8.1404 696961
8.14702 697321
8.14702 697681
8.15365 698041
8.15365 698401
8.16027 698761
8.16027 699121
8.16689 699481
8.16689 699841
8.17352 700201
8.17352 700561
8.18014 700921
8.18014 701281
8.18677 701641
8.18677 702001
8.19339 702361
8.19339 702721
8.20001 703081
8.20001 703441
8.20664 703801
8.20664 704161
8.21326 704521
8.21326 704881
8.21989 705241
8.21989 705601
8.22651 705961
8.22651 706321
8.22651 706681
8.23313 707041
8.23313 707401
8.23976 707761
8.23976 708121
8.24638 708481
8.24638 708841
8.25301 709201
8.25301 709561
8.25963 709921
8.25963 710281
8.26625 710641
8.26625 711001
8.27288 711361
8.27288 711721
8.2795 712081
8.2795 712441
8.28613 712801
8.28613 713161
8.29275 713521
8.29275 713881
8.29937 714241
8.29937 714601
8.306 714961
8.306 715321
8.31262 715681
8.31262 716041
8.31925 716401
8.31925 716761
8.32587 717121
8.32587 717481
8.33249 717841
8.33249 718201
8.33912 718561
8.33912 718921
8.34574 719281
8.34574 719641
8.35237 720001
8.35237 720361
8.35899 720721
8.35899 721081
8.36561 721441
8.36561 721801
8.37224 722161
8.37224 722521
8.37886 722881
8.37886 723241
8.38549 723601
8.38549 723961
8.39211 724321
8.39211 724681
8.39873 725041
8.39873 725401
8.40536 725761
8.40536 726121
8.41198 726481
8.41198 726841
8.41861 727201
8.41861 727561
8.42523 727921
8.42523 728281
8.43185 728641
8.43185 729001
8.43848 729361
8.43848 729721
8.4451 730081
8.4451 730441
8.45173 730801
8.45173 731161
8.45835 731521
8.45835 731881
8.46497 732241
8.46497 732601
8.4716 732961
8.4716 733321
8.47822 733681
8.47822 734041
8.48485 734401
8.48485 734761
8.49147 735121
8.49147 735481
8.49809 735841
8.49809 736201
8.50472 736561
8.50472 736921
8.51134 737281
8.51134 737641
8.51797 738001
8.51797 738361
8.52459 738721
8.52459 739081
8.53121 739441
8.53121 739801
8.53784 740161
8.53784 740521
8.54446 740881
8.54446 741241
8.55109 741601
8.55109 741961
8.55771 742321
8.55771 742681
8.56433 743041
8.56433 743401
8.57096 743761
8.57096 744121
8.57758 744481
8.57758 744841
8.58421 745201
8.58421 745561
8.59083 745921
8.59083 746281
8.59745 746641
8.59745 747001
8.60408 747361
8.60408 747721
8.6107 748081
8.6107 748441
8.61733 748801
8.61733 749161
8.62395 749521
8.62395 749881
8.63057 750241
8.63057 750601
8.6372 750961
8.6372 751321
8.64382 751681
8.64382 752041
8.65045 752401
8.65045 752761
8.65707 753121
8.65707 753481
8.66369 753841
8.66369 754201
8.67032 754561
8.67032 754921
8.67694 755281
8.67694 755641
8.68357 756001
8.68357 756361
8.69019 756721
8.69019 757081
8.69681 757441
8.69681 757801
8.70344 758161
8.70344 758521
8.71006 758881
8.71006 759241
8.71669 759601
8.71669 759961
8.72331 760321
8.72331 760681
8.72993 761041
8.72993 761401
8.73656 761761
8.73656 762121
8.74318 762481
8.74318 762841
8.74981 763201
8.74981 763561
8.75643 763921
8.75643 764281
8.76305 764641
8.76305 765001
8.76968 765361
8.76968 765721
8.7763 766081
8.7763 766441
8.78293 766801
8.78293 767161
8.78955 767521
8.78955 767881
8.79617 768241
8.79617 768601
8.8028 768961
8.8028 769321
8.80942 769681
8.80942 770041
8.81605 770401
8.81605 770761
8.82267 771121
8.82267 771481
8.82929 771841
8.82929 772201
8.83592 772561
8.83592 772921
8.84254 773281
8.84254 773641
8.84917 774001
8.84917 774361
8.85579 774721
8.85579 775081
8.86241 775441
8.86241 775801
8.86904 776161
8.86904 776521
8.87566 776881
8.87566 777241
8.88229 777601
8.88229 777961
8.88891 778321
8.88891 778681
8.89553 779041
8.89553 779401
8.90216 779761
8.90216 780121
8.90878 780481
8.90878 780841
8.91541 781201
8.91541 781561
8.92203 781921
8.92203 782281
8.92865 782641
8.92865 783001
8.93528 783361
8.93528 783721
8.9419 784081
8.9419 784441
8.94853 784801
8.94853 785161
8.95515 785521
8.95515 785881
8.96177 786241
8.96177 786601
8.9684 786961
8.9684 787321
8.97502 787681
8.97502 788041
8.98165 788401
8.98165 788761
8.98827 789121
8.98827 789481
8.99489 789841
8.99489 790201
9.00152 790561
9.00152 790921
9.00814 791281
9.00814 791641
9.01477 792001
9.01477 792361
9.02139 792721
9.02139 793081
9.02139 793441
9.02801 793801
9.02801 794161
9.03464 794521
9.03464 794881
9.04126 795241
9.04126 795601
9.04789 795961
9.04789 796321
9.05451 796681
9.05451 797041
9.06113 797401
9.06113 797761
9.06776 798121
9.06776 798481
9.07438 798841
9.07438 799201
9.08101 799561
9.08101 799921
9.08763 800281
9.08763 800641
9.09425 801001
9.09425 801361
9.10088 801721
9.10088 802081
9.1075 802441
9.1075 802801
9.11413 803161
9.11413 803521
9.12075 803881
9.12075 804241
9.12737 804601
9.12737 804961
9.134 805321
9.134 805681
9.14062 806041
9.14062 806401
9.14725 806761
9.14725 807121
9.15387 807481
9.15387 807841
9.16049 808201
9.16049 808561
9.16712 808921
9.16712 809281
9.17374 809641
9.17374 810001
9.18037 810361
9.18037 810721
9.18699 811081
9.18699 811441
9.19361 811801
9.19361 812161
9.20024 812521
9.20024 812881
9.20686 813241
9.20686 813601
9.21349 813961
9.21349 814321
9.22011 814681
9.22011 815041
9.22673 815401
9.22673 815761
9.23336 816121
9.23336 816481
9.23998 816841
9.23998 817201
9.24661 817561
9.24661 817921
9.25323 818281
9.25323 818641
9.25985 819001
9.25985 819361
9.26648 819721
9.26648 820081
9.2731 820441
9.2731 820801
9.27973 821161
9.27973 821521
9.28635 821881
9.28635 822241
9.29297 822601
9.29297 822961
9.2996 823321
9.2996 823681
9.30622 824041
9.30622 824401
9.31285 824761
9.31285 825121
9.31947 825481
9.31947 825841
9.32609 826201
9.32609 826561
9.33272 826921
9.33272 827281
9.33934 827641
9.33934 828001
9.34597 828361
9.34597 828721
9.35259 829081
9.35259 829441
9.35921 829801
9.35921 830161
9.36584 830521
9.36584 830881
9.37246 831241
9.37246 831601
9.37909 831961
9.37909 832321
9.38571 832681
9.38571 833041
9.39233 833401
9.39233 833761
9.39896 834121
9.39896 834481
9.40558 834841
9.40558 835201
9.41221 835561
9.41221 835921
9.41883 836281
9.41883 836641
9.42545 837001
9.42545 837361
9.43208 837721
9.43208 838081
9.4387 838441
9.4387 838801
9.44533 839161
9.44533 839521
9.45195 839881
9.45195 840241
9.45857 840601
9.45857 840961
9.4652 841321
9.4652 841681
9.47182 842041
9.47182 842401
9.47845 842761
9.47845 843121
9.48507 843481
9.48507 843841
9.49169 844201
9.49169 844561
9.49832 844921
9.49832 845281
9.50494 845641
9.50494 846001
9.51157 846361
9.51157 846721
9.51819 847081
9.51819 847441
9.52481 847801
9.52481 848161
9.53144 848521
9.53144 848881
9.53806 849241
9.53806 849601
9.54469 849961
9.54469 850321
9.55131 850681
9.55131 851041
9.55793 851401
9.55793 851761
9.56456 852121
9.56456 852481
9.57118 852841
9.57118 853201
9.57781 853561
9.57781 853921
9.58443 854281
9.58443 854641
9.59105 855001
9.59105 855361
9.59768 855721
9.59768 856081
9.6043 856441
9.6043 856801
9.61093 857161
9.61093 857521
9.61755 857881
9.61755 858241
9.62417 858601
9.62417 858961
9.6308 859321
9.6308 859681
9.63742 860041
9.63742 860401
9.64405 860761
9.64405 861121
9.65067 861481
9.65067 861841
9.65729 862201
9.65729 862561
9.66392 862921
9.66392 863281
9.67054 863641
9.67054 864001
9.67717 864361
9.67717 864721
9.68379 865081
9.68379 865441
9.69041 865801
9.69041 866161
9.69704 866521
9.69704 866881
9.70366 867241
9.70366 867601
9.71029 867961
9.71029 868321
9.71691 868681
9.71691 869041
9.72353 869401
9.72353 869761
9.73016 870121
9.73016 870481
9.73678 870841
9.73678 871201
9.74341 871561
9.74341 871921
9.75003 872281
9.75003 872641
9.75665 873001
9.75665 873361
9.76328 873721
9.76328 874081
9.7699 874441
9.7699 874801
9.77653 875161
9.77653 875521
9.78315 875881
9.78315 876241
9.78977 876601
9.78977 876961
9.7964 877321
9.7964 877681
9.80302 878041
9.80302 878401
9.80965 878761
9.80965 879121
9.81627 879481
9.81627 879841
9.81627 880201
9.82289 880561
9.82289 880921
9.82952 881281
9.82952 881641
9.83614 882001
9.83614 882361
9.84277 882721
9.84277 883081
9.84939 883441
9.84939 883801
9.85601 884161
9.85601 884521
9.86264 884881
9.86264 885241
9.86926 885601
9.86926 885961
9.87589 886321
9.87589 886681
9.88251 887041
9.88251 887401
9.88913 887761
9.88913 888121
9.89576 888481
9.89576 888841
9.90238 889201
9.90238 889561
9.90901 889921
9.90901 890281
9.91563 890641
9.91563 891001
9.92225 891361
9.92225 891721
9.92888 892081
9.92888 892441
9.9355 892801
9.9355 893161
9.94213 893521
9.94213 893881
9.94875 894241
9.94875 894601
9.95537 894961
9.95537 895321
9.962 895681
9.962 896041
9.96862 896401
9.96862 896761
9.97525 897121
9.97525 897481
9.98187 897841
9.98187 898201
9.98849 898561
9.98849 898921
9.99512 899281
9.99512 899641
10.0017 900001
10.0017 900361
10.0084 900721
10.0084 901081
