0.0 360
0.207659 720
0.316982 1080
0.426304 1440
0.532314 1800
0.538938 2160
0.641637 2520
0.648261 2880
0.654885 3240
0.750959 3600
0.757583 3960
0.764207 4320
0.770831 4680
0.85697 5040
0.863594 5400
0.870218 5760
0.876842 6120
0.883466 6480
0.89009 6840
0.96298 7200
0.969604 7560
0.976228 7920
0.982852 8280
0.989476 8640
0.9961 9000
1.00272 9360
1.00935 9720
1.01597 10080
1.06899 10440
1.07561 10800
1.08224 11160
1.08886 11520
1.09549 11880
1.10211 12240
1.10873 12600
1.11536 12960
1.12198 13320
1.12861 13680
1.13523 14040
1.14185 14400
1.14848 14760
1.1551 15120
1.17831 15480
1.18494 15840
1.19156 16200
1.19818 16560
1.20481 16920
1.21143 17280
1.21806 17640
1.22468 18000
1.2313 18360
1.23793 18720
1.24455 19080
1.25118 19440
1.2578 19800
1.26442 20160
1.27105 20520
1.27767 20880
1.2843 21240
1.29092 21600
1.29754 21960
1.30417 22320
1.31079 22680
1.31742 23040
1.32404 23400
1.33066 23760
1.33729 24120
1.34391 24480
1.35054 24840
1.35716 25200
1.36378 25560
1.37041 25920
1.37703 26280
1.38366 26640
1.39028 27000
1.3969 27360
1.40353 27720
1.41015 28080
1.41678 28440
1.4234 28800
1.43002 29160
1.43665 29520
1.44327 29880
1.4499 30240
1.45652 30600
1.46314 30960
1.46977 31320
1.47639 31680
1.48302 32040
1.48964 32400
1.49626 32760
1.50289 33120
1.50951 33480
1.51614 33840
1.52276 34200
1.52938 34560
1.53601 34920
1.54263 35280
1.54926 35640
1.55588 36000
1.5625 36360
1.56913 36720
1.57575 37080
1.58238 37440
1.589 37800
1.59562 38160
1.60225 38520
1.60887 38880
1.6155 39240
1.62212 39600
1.62874 39960
1.63537 40320
1.64199 40680
1.64862 41040
1.65524 41400
1.66186 41760
1.66849 42120
1.67511 42480
1.68174 42840
1.68836 43200
1.69498 43560
1.70161 43920
1.70823 44280
1.71486 44640
1.72148 45000
1.7281 45360
1.73473 45720
1.74135 46080
1.74798 46440
1.7546 46800
1.76122 47160
1.76785 47520
1.77447 47880
1.7811 48240
1.78772 48600
1.79434 48960
1.80097 49320
1.80759 49680
1.81422 50040
1.82084 50400
1.82746 50760
1.83409 51120
1.84071 51480
1.84734 51840
1.85396 52200
1.86058 52560
1.86721 52920
1.87383 53280
1.88046 53640
1.88708 54000
1.8937 54360
1.90033 54720
1.90695 55080
1.91358 55440
1.9202 55800
1.92682 56160
1.93345 56520
1.94007 56880
1.9467 57240
1.95332 57600
1.95994 57960
1.96657 58320
1.97319 58680
1.97982 59040
1.98644 59400
1.99306 59760
1.99969 60120
2.00631 60480
2.01294 60840
2.01956 61200
2.02618 61560
2.03281 61920
2.03943 62280
2.04606 62640
2.05268 63000
2.0593 63360
2.06593 63720
2.07255 64080
2.07918 64440
2.0858 64800
2.09242 65160
2.09905 65520
2.10567 65880
2.1123 66240
2.11892 66600
2.12554 66960
2.13217 67320
2.13879 67680
2.14542 68040
2.15204 68400
2.15866 68760
2.16529 69120
2.17191 69480
2.17854 69840
2.18516 70200
2.19178 70560
2.19841 70920
2.20503 71280
2.21166 71640
2.22159 71640
2.22159 36900
2.2249 37260
2.22822 37620
2.23153 37980
2.23484 38340
2.23815 38700
2.24146 39060
2.24478 39420
2.24809 39780
2.2514 40140
2.25471 40500
2.25802 40860
2.26134 41220
2.26465 41580
2.26796 41940
2.27127 42300
2.27458 42660
2.2779 43020
2.28121 43380
2.28452 43740
2.28783 44100
2.29114 44460
2.29446 44820
2.29777 45180
2.30108 45540
2.30439 45900
2.3077 46260
2.31102 46620
2.31433 46980
2.31764 47340
2.32095 47700
2.32426 48060
2.32758 48420
2.33089 48780
2.3342 49140
2.33751 49500
2.34082 49860
2.34414 50220
2.34745 50580
2.35076 50940
2.35407 51300
2.35738 51660
2.3607 52020
2.36401 52380
2.36732 52740
2.37063 53100
2.37394 53460
2.37726 53820
2.38057 54180
2.38388 54540
2.38719 54900
2.3905 55260
2.39382 55620
2.39713 55980
2.40044 56340
2.40375 56700
2.40706 57060
2.41038 57420
2.41369 57780
2.417 58140
2.42031 58500
2.42362 58860
2.42694 59220
2.43025 59580
2.43356 59940
2.43687 60300
2.44018 60660
2.4435 61020
2.44681 61380
2.45012 61740
2.45343 62100
2.45674 62460
2.46006 62820
2.46337 63180
2.46668 63540
2.46999 63900
2.4733 64260
2.47662 64620
2.47993 64980
2.48324 65340
2.48655 65700
2.48986 66060
2.49318 66420
2.49649 66780
2.4998 67140
2.50311 67500
2.50642 67860
2.50974 68220
2.51305 68580
2.51636 68940
2.51967 69300
2.52298 69660
2.5263 70020
2.52961 70380
2.53292 70740
2.53623 71100
2.53954 71460
2.54286 71820
2.54617 72180
2.54948 72540
2.55279 72900
2.5561 73260
2.55942 73620
2.56273 73980
2.56604 74340
2.56935 74700
2.57266 75060
2.57598 75420
2.57929 75780
2.5826 76140
2.58591 76500
2.58922 76860
2.59254 77220
2.59585 77580
2.59916 77940
2.60247 78300
2.60578 78660
2.6091 79020
2.61241 79380
2.61572 79740
2.61903 80100
2.62234 80460
2.62566 80820
2.62897 81180
2.63228 81540
2.63559 81900
2.6389 82260
2.64222 82620
2.64553 82980
2.64884 83340
2.65215 82620
2.65546 82980
2.65878 83340
2.66209 83700
2.6654 84060
2.66871 84420
2.67202 84780
2.67534 85140
2.67865 85500
2.68196 85860
2.68527 86220
2.68858 86580
2.6919 86940
2.69521 87300
2.69852 87660
2.70183 88020
2.70514 88380
2.70846 88740
2.71177 89100
2.71508 89460
2.71839 89820
2.7217 90180
2.72502 90540
2.72833 90900
2.73164 91260
2.73495 91620
2.73826 91980
2.74158 92340
2.74489 92700
2.7482 93060
2.75151 93420
2.75482 93780
2.75814 94140
2.76145 93420
2.76476 93780
2.76807 94140
2.77138 94500
2.7747 94860
2.77801 95220
2.86746 94500
2.97347 93780
3.07948 93060
3.18549 92340
3.2915 91620
3.39751 90900
3.50352 90180
3.60953 89460
3.61284 89820
3.71554 89100
3.71885 89460
3.72217 89820
3.72548 90180
3.72879 90540
3.7321 90900
3.73541 91260
3.73873 91620
3.82155 90900
3.82486 91260
3.82818 91620
3.83149 91980
3.8348 92340
3.92756 91620
4.03357 90900
4.13958 90180
4.1429 90540
4.14621 90900
4.24559 90180
4.24891 90540
4.25222 90900
4.25553 91260
4.25884 91620
4.26215 91980
4.26547 92340
4.26878 92700
4.3516 91980
4.35492 92340
4.35823 92700
4.36154 93060
4.45761 92340
4.56362 91620
4.66964 90900
4.67295 91260
4.67626 91620
4.67957 91980
4.77565 91260
4.77896 91620
4.78227 91980
4.78558 92340
4.78889 92700
4.79221 93060
4.79552 93420
4.79883 93780
4.88166 93060
4.88497 93420
4.88828 93780
4.98767 93060
5.09368 92340
5.19969 91620
5.203 91980
5.20631 92340
5.20962 92700
5.21294 93060
5.3057 92340
5.30901 92700
5.31232 93060
5.31563 93420
5.31895 93780
5.32226 94140
5.32557 94500
5.32888 94860
5.41171 94140
5.41502 94500
5.51772 93780
5.62373 93060
5.72974 92340
5.73305 92700
5.73636 93060
5.73968 93420
5.74299 93780
5.7463 94140
5.83575 93420
5.83906 93780
5.84237 94140
5.84569 94500
5.849 94860
5.85231 95220
5.85562 95580
5.85893 95940
5.94176 95220
6.04777 94500
6.15378 93780
6.15709 94140
6.25979 93420
6.2631 93780
6.26642 94140
6.26973 94500
6.27304 94860
6.27635 95220
6.27966 95580
6.28298 95940
6.3658 95220
6.36911 95580
6.37243 95940
6.37574 96300
6.37905 96660
6.47181 95940
6.57782 95220
6.68383 94500
6.68714 94860
6.69046 95220
6.78984 94500
6.79316 94860
6.79647 95220
6.79978 95580
6.80309 95940
6.8064 96300
6.80972 96660
6.81303 97020
6.89585 96300
6.89917 96660
6.90248 97020
6.90579 97380
7.00186 96660
7.10787 95940
7.21388 95220
7.2172 95580
7.22051 95940
7.22382 96300
7.3199 95580
7.32321 95940
7.32652 96300
7.32983 96660
7.33314 97020
7.33646 97380
7.33977 97740
7.34308 98100
7.42591 97380
7.42922 97740
7.43253 98100
7.53192 97380
7.63793 96660
7.74394 95940
7.74725 96300
7.75056 96660
7.75387 97020
7.75718 97380
7.84995 96660
7.85326 97020
7.85657 97380
7.85988 97740
7.8632 98100
7.86651 98460
7.86982 98820
7.87313 99180
7.95596 98460
7.95927 98820
8.06197 98100
8.16798 97380
8.27399 96660
8.2773 97020
8.28061 97380
8.28392 97740
8.28724 98100
8.29055 98460
8.38 97740
8.38331 98100
8.38662 98460
8.38994 98820
8.39325 99180
8.39656 99540
8.39987 99900
8.40318 100260
8.48601 99540
8.59202 98820
8.69803 98100
8.70134 98460
8.80404 97740
8.80735 98100
8.81066 98460
8.81398 98820
8.81729 99180
8.8206 99540
8.82391 99900
8.82722 100260
8.91005 99540
8.91336 99900
8.91668 100260
8.91999 100620
8.9233 100980
9.01606 100260
9.12207 99540
9.22808 98820
9.23139 99180
9.23471 99540
9.33409 98820
9.3374 99180
9.34072 99540
9.34403 99900
9.34734 100260
9.35065 100620
9.35396 100980
9.35728 101340
9.4401 100620
9.44342 100980
9.44673 101340
9.45004 101700
9.54611 100980
9.65212 35820
9.65212 35823
9.76145 35826
9.76807 35829
9.77469 35832
9.78132 35835
9.78794 35838
9.79457 35841
9.80119 35844
9.80781 35847
9.81444 35850
9.82106 35853
9.82769 35856
9.83431 35859
9.84093 35862
9.84756 35865
9.85418 35868
9.86081 35871
9.86743 35874
9.87405 35877
9.88068 35880
9.8873 35883
9.89393 35886
9.90055 35889
9.90717 35892
9.9138 35895
9.92042 35898
9.92705 35901
9.93367 35904
9.94029 35907
9.94692 35910
9.95354 35913
9.96017 35916
9.96679 35919
9.97341 35922
9.98004 35925
9.98666 35928
9.99329 35931
9.99991 35934
10.0065 35937
