0.101505 1
0.101505 1
0.207659 361
0.207659 721
0.316982 1081
0.316982 1441
0.316982 1801
0.426304 2161
0.426304 2521
0.426304 2881
0.532314 3241
0.532314 3601
0.532314 3961
0.538938 4321
0.538938 4681
0.538938 5041
0.641637 5401
0.641637 5761
0.641637 6121
0.648261 6481
0.648261 6841
0.648261 7201
0.654885 7561
0.654885 7921
0.654885 8281
0.750959 8641
0.750959 9001
0.750959 9361
0.757583 9721
0.757583 10081
0.757583 10441
0.764207 10801
0.764207 11161
0.764207 11521
0.770831 11881
0.770831 12241
0.770831 12601
0.85697 12961
0.85697 13321
0.85697 13681
0.863594 14041
0.863594 14401
0.863594 14761
0.870218 15121
0.870218 15481
0.870218 15841
0.876842 16201
0.876842 16561
0.876842 16921
0.883466 17281
0.883466 17641
0.883466 18001
0.89009 18361
0.89009 18721
0.89009 19081
0.96298 19441
0.96298 19801
0.96298 20161
0.969604 20521
0.969604 20881
0.969604 21241
0.976228 21601
0.976228 21961
0.976228 22321
0.982852 22681
0.982852 23041
0.982852 23401
0.989476 23761
0.989476 24121
0.989476 24481
0.9961 24841
0.9961 25201
0.9961 25561
1.00272 25921
1.00272 26281
1.00272 26641
1.00935 27001
1.00935 27361
1.00935 27721
1.01597 28081
1.01597 28441
1.01597 28801
1.06899 29161
1.06899 29521
1.06899 29881
1.07561 30241
1.07561 30601
1.07561 30961
1.08224 31321
1.08224 31681
1.08224 32041
1.08886 32401
1.08886 32761
1.08886 33121
1.09549 33481
1.09549 33841
1.09549 34201
1.10211 34561
1.10211 34921
1.10211 35281
1.10873 35641
1.10873 36001
1.10873 36361
1.11536 36721
1.11536 37081
1.11536 37441
1.12198 37801
1.12198 38161
1.12198 38521
1.12861 38881
1.12861 39241
1.12861 39601
1.13523 39961
1.13523 40321
1.13523 40681
1.14185 41041
1.14185 41401
1.14185 41761
1.14848 42121
1.14848 42481
1.14848 42841
1.1551 43201
1.1551 43561
1.1551 43921
1.17831 44281
1.17831 44641
1.17831 45001
1.18494 45361
1.18494 45721
1.18494 46081
1.19156 46441
1.19156 46801
1.19156 47161
1.19818 47521
1.19818 47881
1.19818 48241
1.20481 48601
1.20481 48961
1.20481 49321
1.21143 49681
1.21143 50041
1.21143 50401
1.21806 50761
1.21806 51121
1.21806 51481
1.22468 51841
1.22468 52201
1.22468 52561
1.2313 52921
1.2313 53281
1.2313 53641
1.23793 54001
1.23793 54361
1.23793 54721
1.24455 55081
1.24455 55441
1.24455 55801
1.25118 56161
1.25118 56521
1.25118 56881
1.2578 57241
1.2578 57601
1.2578 57961
1.26442 58321
1.26442 58681
1.26442 59041
1.27105 59401
1.27105 59761
1.27105 60121
1.27767 60481
1.27767 60841
1.27767 61201
1.2843 61561
1.2843 61921
1.2843 62281
1.29092 62641
1.29092 63001
1.29092 63361
1.29754 63721
1.29754 64081
1.29754 64441
1.30417 64801
1.30417 65161
1.30417 65521
1.31079 65881
1.31079 66241
1.31079 66601
1.31742 66961
1.31742 67321
1.31742 67681
1.32404 68041
1.32404 68401
1.32404 68761
1.33066 69121
1.33066 69481
1.33066 69841
1.33729 70201
1.33729 70561
1.33729 70921
1.34391 71281
1.34391 71641
1.34391 72001
1.35054 72361
1.35054 72721
1.35054 73081
1.35716 73441
1.35716 73801
1.35716 74161
1.36378 74521
1.36378 74881
1.36378 75241
1.37041 75601
1.37041 75961
1.37041 76321
1.37703 76681
1.37703 77041
1.37703 77401
1.38366 77761
1.38366 78121
1.38366 78481
1.39028 78841
1.39028 79201
1.39028 79561
1.3969 79921
1.3969 80281
1.3969 80641
1.40353 81001
1.40353 81361
1.40353 81721
1.41015 82081
1.41015 82441
1.41015 82801
1.41678 83161
1.41678 83521
1.41678 83881
1.4234 84241
1.4234 84601
1.4234 84961
1.43002 85321
1.43002 85681
1.43002 86041
1.43665 86401
1.43665 86761
1.43665 87121
1.44327 87481
1.44327 87841
1.44327 88201
1.4499 88561
1.4499 88921
1.4499 89281
1.45652 89641
1.45652 90001
1.45652 90361
1.46314 90721
1.46314 91081
1.46314 91441
1.46977 91801
1.46977 92161
1.46977 92521
1.47639 92881
1.47639 93241
1.47639 93601
1.48302 93961
1.48302 94321
1.48302 94681
1.48964 95041
1.48964 95401
1.48964 95761
1.49626 96121
1.49626 96481
1.49626 96841
1.50289 97201
1.50289 97561
1.50289 97921
1.50951 98281
1.50951 98641
1.50951 99001
1.51614 99361
1.51614 99721
1.51614 100081
1.52276 100441
1.52276 100801
1.52276 101161
1.52938 101521
1.52938 101881
1.52938 102241
1.53601 102601
1.53601 102961
1.53601 103321
1.54263 103681
1.54263 104041
1.54263 104401
1.54926 104761
1.54926 105121
1.54926 105481
1.55588 105841
1.55588 106201
1.55588 106561
1.5625 106921
1.5625 107281
1.5625 107641
1.56913 108001
1.56913 108361
1.56913 108721
1.57575 109081
1.57575 109441
1.57575 109801
1.58238 110161
1.58238 110521
1.58238 110881
1.589 111241
1.589 111601
1.589 111961
1.59562 112321
1.59562 112681
1.59562 113041
1.60225 113401
1.60225 113761
1.60225 114121
1.60887 114481
1.60887 114841
1.60887 115201
1.6155 115561
1.6155 115921
1.6155 116281
1.62212 116641
1.62212 117001
1.62212 117361
1.62874 117721
1.62874 118081
1.62874 118441
1.63537 118801
1.63537 119161
1.63537 119521
1.64199 119881
1.64199 120241
1.64199 120601
1.64862 120961
1.64862 121321
1.64862 121681
1.65524 122041
1.65524 122401
1.65524 122761
1.66186 123121
1.66186 123481
1.66186 123841
1.66849 124201
1.66849 124561
1.66849 124921
1.67511 125281
1.67511 125641
1.67511 126001
1.68174 126361
1.68174 126721
1.68174 127081
1.68836 127441
1.68836 127801
1.68836 128161
1.69498 128521
1.69498 128881
1.69498 129241
1.70161 129601
1.70161 129961
1.70161 130321
1.70823 130681
1.70823 131041
1.70823 131401
1.71486 131761
1.71486 132121
1.71486 132481
1.72148 132841
1.72148 133201
1.72148 133561
1.7281 133921
1.7281 134281
1.7281 134641
1.73473 135001
1.73473 135361
1.73473 135721
1.74135 136081
1.74135 136441
1.74135 136801
1.74798 137161
1.74798 137521
1.74798 137881
1.7546 138241
1.7546 138601
1.7546 138961
1.76122 139321
1.76122 139681
1.76122 140041
1.76785 140401
1.76785 140761
1.76785 141121
1.77447 141481
1.77447 141841
1.77447 142201
1.7811 142561
1.7811 142921
1.7811 143281
1.78772 143641
1.78772 144001
1.78772 144361
1.79434 144721
1.79434 145081
1.79434 145441
1.80097 145801
1.80097 146161
1.80097 146521
1.80759 146881
1.80759 147241
1.80759 147601
1.81422 147961
1.81422 148321
1.81422 148681
1.82084 149041
1.82084 149401
1.82084 149761
1.82746 150121
1.82746 150481
1.82746 150841
1.83409 151201
1.83409 151561
1.83409 151921
1.84071 152281
1.84071 152641
1.84071 153001
1.84734 153361
1.84734 153721
1.84734 154081
1.85396 154441
1.85396 154801
1.85396 155161
1.86058 155521
1.86058 155881
1.86058 156241
1.86721 156601
1.86721 156961
1.86721 157321
1.87383 157681
1.87383 158041
1.87383 158401
1.88046 158761
1.88046 159121
1.88046 159481
1.88708 159841
1.88708 160201
1.88708 160561
1.8937 160921
1.8937 161281
1.8937 161641
1.90033 162001
1.90033 162361
1.90033 162721
1.90695 163081
1.90695 163441
1.90695 163801
1.91358 164161
1.91358 164521
1.91358 164881
1.9202 165241
1.9202 165601
1.9202 165961
1.92682 166321
1.92682 166681
1.92682 167041
1.93345 167401
1.93345 167761
1.93345 168121
1.94007 168481
1.94007 168841
1.94007 169201
1.9467 169561
1.9467 169921
1.9467 170281
1.95332 170641
1.95332 171001
1.95332 171361
1.95994 171721
1.95994 172081
1.95994 172441
1.96657 172801
1.96657 173161
1.96657 173521
1.97319 173881
1.97319 174241
1.97319 174601
1.97982 174961
1.97982 175321
1.97982 175681
1.98644 176041
1.98644 176401
1.98644 176761
1.99306 177121
1.99306 177481
1.99306 177841
1.99969 178201
1.99969 178561
1.99969 178921
2.00631 179281
2.00631 179641
2.00631 180001
2.01294 180361
2.01294 180721
2.01294 181081
2.01956 181441
2.01956 181801
2.01956 182161
2.02618 182521
2.02618 182881
2.02618 183241
2.03281 183601
2.03281 183961
2.03281 184321
2.03943 184681
2.03943 185041
2.03943 185401
2.04606 185761
2.04606 186121
2.04606 186481
2.05268 186841
2.05268 187201
2.05268 187561
2.0593 187921
2.0593 188281
2.0593 188641
2.06593 189001
2.06593 189361
2.06593 189721
2.07255 190081
2.07255 190441
2.07255 190801
2.07918 191161
2.07918 191521
2.07918 191881
2.0858 192241
2.0858 192601
2.0858 192961
2.09242 193321
2.09242 193681
2.09242 194041
2.09905 194401
2.09905 194761
2.09905 195121
2.10567 195481
2.10567 195841
2.10567 196201
2.1123 196561
2.1123 196921
2.1123 197281
2.11892 197641
2.11892 198001
2.11892 198361
2.12554 198721
2.12554 199081
2.12554 199441
2.13217 199801
2.13217 200161
2.13217 200521
2.13879 200881
2.13879 201241
2.13879 201601
2.14542 201961
2.14542 202321
2.14542 202681
2.15204 203041
2.15204 203401
2.15204 203761
2.15866 204121
2.15866 204481
2.15866 204841
2.16529 205201
2.16529 205561
2.16529 205921
2.17191 206281
2.17191 206641
2.17191 207001
2.17854 207361
2.17854 207721
2.17854 208081
2.18516 208441
2.18516 208801
2.18516 209161
2.19178 209521
2.19178 209881
2.19178 210241
2.19841 210601
2.19841 210961
2.19841 211321
2.20503 211681
2.20503 212041
2.20503 212401
2.21166 212761
2.21166 213121
2.21166 213481
2.22159 142201
2.54617 213841
2.54948 214201
2.55279 214561
2.5561 214921
2.55942 215281
2.56273 215641
2.56604 216001
2.56935 216361
2.57266 216721
2.57598 217081
2.57929 217441
2.5826 217801
2.58591 218161
2.58922 218521
2.59254 218881
2.59585 219241
2.59916 219601
2.60247 219961
2.60578 220321
2.6091 220681
2.61241 221041
2.61572 221401
2.61903 221761
2.62234 222121
2.62566 222481
2.62897 222841
2.63228 223201
2.63559 223561
2.6389 223921
2.64222 224281
2.64553 224641
2.64884 225001
2.65215 143281
2.65215 225361
2.65546 225721
2.65878 226081
2.66209 226441
2.6654 226801
2.76145 144361
2.86746 145441
2.97347 146521
3.07948 147601
3.18549 148681
3.2915 149761
3.39751 150841
3.50352 151921
3.50352 227161
3.60953 153001
3.60953 227521
3.60953 227881
3.60953 228241
3.60953 228601
3.60953 228961
3.61284 229321
3.61284 229681
3.71554 154081
3.71554 230041
3.71554 230401
3.71885 230761
3.71885 231121
3.82155 155161
3.92756 156241
4.03357 157321
4.03357 231481
4.03357 231841
4.13958 158401
4.13958 232201
4.13958 232561
4.13958 232921
4.13958 233281
4.13958 233641
4.1429 234001
4.1429 234361
4.24559 159481
4.24559 234721
4.24891 235081
4.24891 235441
4.3516 160561
4.45761 161641
4.56362 162721
4.56362 235801
4.56362 236161
4.56362 236521
4.66964 163801
4.66964 236881
4.66964 237241
4.66964 237601
4.66964 237961
4.66964 238321
4.67295 238681
4.67295 239041
4.77565 164881
4.77896 239401
4.77896 239761
4.88166 165961
4.98767 167041
5.09368 168121
5.09368 240121
5.09368 240481
5.09368 240841
5.09368 241201
5.19969 169201
5.19969 241561
5.19969 241921
5.19969 242281
5.19969 242641
5.19969 243001
5.203 243361
5.203 243721
5.3057 170281
5.30901 244081
5.41171 171361
5.51772 172441
5.62373 173521
5.62373 244441
5.62373 244801
5.62373 245161
5.62373 245521
5.62373 245881
5.72974 174601
5.72974 246241
5.72974 246601
5.72974 246961
5.72974 247321
5.72974 247681
5.73305 248041
5.73305 248401
5.83575 175681
5.94176 176761
6.04777 177841
6.04777 248761
6.15378 178921
6.15378 249121
6.15378 249481
6.15378 249841
6.15378 250201
6.15378 250561
6.15709 250921
6.15709 251281
6.25979 180001
6.25979 251641
6.25979 252001
6.2631 252361
6.2631 252721
6.3658 181081
6.47181 182161
6.57782 183241
6.57782 253081
6.57782 253441
6.68383 184321
6.68383 253801
6.68383 254161
6.68383 254521
6.68383 254881
6.68383 255241
6.68714 255601
6.68714 255961
6.78984 185401
6.78984 256321
6.79316 256681
6.79316 257041
6.89585 186481
7.00186 187561
7.10787 188641
7.10787 257401
7.10787 257761
7.10787 258121
7.21388 189721
7.21388 258481
7.21388 258841
7.21388 259201
7.21388 259561
7.21388 259921
7.2172 260281
7.2172 260641
7.3199 190801
7.32321 261001
7.32321 261361
7.42591 191881
7.53192 192961
7.63793 194041
7.63793 261721
7.63793 262081
7.63793 262441
7.63793 262801
7.74394 195121
7.74394 263161
7.74394 263521
7.74394 263881
7.74394 264241
7.74394 264601
7.74725 264961
7.74725 265321
7.84995 196201
7.85326 265681
7.95596 197281
8.06197 198361
8.16798 199441
8.16798 266041
8.16798 266401
8.16798 266761
8.16798 267121
8.16798 267481
8.27399 200521
8.27399 267841
8.27399 268201
8.27399 268561
8.27399 268921
8.27399 269281
8.2773 269641
8.2773 270001
8.38 201601
8.48601 202681
8.59202 203761
8.59202 270361
8.69803 204841
8.69803 270721
8.69803 271081
8.69803 271441
8.69803 271801
8.69803 272161
8.70134 272521
8.70134 272881
8.80404 205921
8.80404 273241
8.80404 273601
8.80735 273961
8.80735 274321
8.91005 207001
9.01606 208081
9.12207 209161
9.12207 274681
9.12207 275041
9.22808 210241
9.22808 275401
9.22808 275761
9.22808 276121
9.22808 276481
9.22808 276841
9.23139 277201
9.23139 277561
9.33409 211321
9.33409 277921
9.3374 278281
9.3374 278641
9.4401 212401
9.54611 213481
9.65212 279001
9.65212 279361
9.65212 279721
9.65212 280081
9.65212 280441
9.65212 280801
9.65212 281161
9.65212 281521
9.65212 281881
9.65212 282241
9.65212 282601
9.65212 282961
9.65212 283321
9.65212 283681
9.65212 284041
9.65212 284401
9.65212 284761
9.65212 285121
9.65212 285481
9.65212 285841
9.65212 286201
9.65212 286561
9.65212 286921
9.65212 287281
9.65212 287641
9.65212 288001
9.65212 288361
9.65212 288721
9.65212 289081
9.65212 289441
9.65212 289801
9.65212 290161
9.65212 290521
9.65212 290881
9.65212 291241
9.65212 291601
9.65212 291961
9.65212 292321
9.65212 292681
9.65212 293041
9.65212 293401
9.65212 293761
9.65212 294121
9.65212 294481
9.65212 294841
9.65212 295201
9.65212 295561
9.65212 295921
9.65212 296281
9.65212 296641
9.65212 297001
9.65212 297361
9.65212 297721
9.65212 298081
9.65212 298441
9.65212 298801
9.65212 299161
9.65212 299521
9.65212 299881
9.65212 300241
9.65212 300601
9.65212 300961
9.65212 301321
9.65212 301681
9.65212 302041
9.65212 302401
9.65212 302761
9.65212 303121
9.65212 303481
9.65212 303841
9.65212 304201
9.65212 304561
9.65212 304921
9.65212 305281
9.65212 305641
9.65212 306001
9.65212 306361
9.65212 306721
9.65212 307081
9.65212 307441
9.65212 307801
9.65212 308161
9.65212 308521
9.65212 308881
9.65212 309241
9.65212 309601
9.65212 309961
9.65212 310321
9.65212 310681
9.65212 311041
9.65212 311401
9.65212 311761
9.65212 312121
9.65212 312481
9.65212 312841
9.65212 313201
9.65212 313561
9.65212 313921
9.65212 314281
9.76145 314641
9.76145 315001
9.76807 315361
9.76807 315721
9.77469 316081
9.77469 316441
9.78132 316801
9.78132 317161
9.78794 317521
9.78794 317881
9.79457 318241
9.79457 318601
9.80119 318961
9.80119 319321
9.80781 319681
9.80781 320041
9.81444 320401
9.81444 320761
9.82106 321121
9.82106 321481
9.82769 321841
9.82769 322201
9.83431 322561
9.83431 322921
9.84093 323281
9.84093 323641
9.84756 324001
9.84756 324361
9.85418 324721
9.85418 325081
9.86081 325441
9.86081 325801
9.86743 326161
9.86743 326521
9.87405 326881
9.87405 327241
9.88068 327601
9.88068 327961
9.8873 328321
9.8873 328681
9.89393 329041
9.89393 329401
9.90055 329761
9.90055 330121
9.90717 330481
9.90717 330841
9.9138 331201
9.9138 331561
9.92042 331921
9.92042 332281
9.92705 332641
9.92705 333001
9.93367 333361
9.93367 333721
9.94029 334081
9.94029 334441
9.94692 334801
9.94692 335161
9.95354 335521
9.95354 335881
9.96017 336241
9.96017 336601
9.96679 336961
9.96679 337321
9.97341 337681
9.97341 338041
9.98004 338401
9.98004 338761
9.98666 339121
9.98666 339481
9.99329 339841
9.99329 340201
9.99991 340561
9.99991 340921
10.0065 341281
10.0065 341641
