0.0 0
0.316982 0.109
0.426304 0.109125
0.532314 0.108734
0.538938 0.109143
0.641637 0.109125
0.648261 0.109234
0.654885 0.11008
0.750959 0.109945
0.757583 0.109827
0.764207 0.110598
0.770831 0.111274
0.85697 0.110614
0.863594 0.110913
0.870218 0.111174
0.876842 0.111277
0.883466 0.112242
0.89009 0.113212
0.96298 0.11231
0.969604 0.112397
0.976228 0.112472
0.982852 0.112413
0.989476 0.113236
0.9961 0.114082
1.00272 0.114697
1.00935 0.11611
1.01597 0.117221
1.06899 0.115818
1.07561 0.115466
1.08224 0.115158
1.08886 0.114763
1.09549 0.115293
1.10211 0.115881
1.10873 0.116271
1.11536 0.117487
1.12198 0.118426
1.12861 0.119373
1.13523 0.121076
1.14185 0.122442
1.14848 0.123762
1.1551 0.125791
1.17831 0.123817
1.18494 0.121965
1.19156 0.12122
1.19818 0.120567
1.20481 0.119996
1.21143 0.120372
1.21806 0.1207
1.22468 0.120863
1.2313 0.12188
1.23793 0.12277
1.24455 0.123549
1.25118 0.125105
1.2578 0.126467
1.26442 0.127659
1.27105 0.129576
1.27767 0.131129
1.2843 0.132613
1.29092 0.134661
1.29754 0.136454
1.30417 0.138022
1.31079 0.140144
1.31742 0.140001
1.32404 0.140001
1.33066 0.140751
1.33729 0.141407
1.34391 0.141856
1.35054 0.143124
1.35716 0.144359
1.36378 0.145314
1.37041 0.147025
1.37703 0.148522
1.38366 0.149831
1.39028 0.151852
1.3969 0.153496
1.40353 0.155059
1.41015 0.157302
1.41678 0.159139
1.4234 0.160746
1.43002 0.163028
1.43665 0.165025
1.44327 0.166772
1.4499 0.16905
1.45652 0.171044
1.46314 0.172913
1.46977 0.175299
1.47639 0.177387
1.48302 0.179338
1.48964 0.181796
1.49626 0.183947
1.50289 0.185703
1.50951 0.188115
1.51614 0.190351
1.52276 0.192182
1.52938 0.194659
1.53601 0.196827
1.54263 0.198724
1.54926 0.201258
1.55588 0.203351
1.5625 0.205307
1.56913 0.207894
1.57575 0.210032
1.58238 0.211903
1.589 0.214415
1.59562 0.216613
1.60225 0.218537
1.60887 0.220969
1.6155 0.223098
1.62212 0.225086
1.62874 0.227575
1.63537 0.229753
1.64199 0.231659
1.64862 0.234202
1.65524 0.236427
1.66186 0.238248
1.66849 0.240717
1.67511 0.243003
1.68174 0.244877
1.68836 0.247393
1.69498 0.249469
1.70161 0.25141
1.70823 0.253984
1.71486 0.256111
1.72148 0.258097
1.7281 0.26071
1.73473 0.262871
1.74135 0.264762
1.74798 0.267167
1.7546 0.269396
1.76122 0.271347
1.76785 0.273803
1.77447 0.275953
1.7811 0.277959
1.78772 0.280464
1.79434 0.282656
1.80097 0.284574
1.80759 0.287127
1.81422 0.289361
1.82084 0.291191
1.82746 0.293667
1.83409 0.295959
1.84071 0.297839
1.84734 0.300359
1.85396 0.302439
1.86058 0.304384
1.86721 0.306961
1.87383 0.309091
1.88046 0.31108
1.88708 0.313695
1.8937 0.315858
1.90033 0.317751
1.90695 0.320157
1.91358 0.322387
1.9202 0.324339
1.92682 0.326796
1.93345 0.328947
1.94007 0.330954
1.9467 0.333459
1.95332 0.335652
1.95994 0.33757
1.96657 0.340124
1.97319 0.342359
1.97982 0.344189
1.98644 0.346665
1.99306 0.348957
1.99969 0.350837
2.00631 0.353358
2.01294 0.355563
2.01956 0.357493
2.02618 0.360056
2.03281 0.362174
2.03943 0.364152
2.04606 0.366758
2.05268 0.368913
2.0593 0.370799
2.06593 0.373199
2.07255 0.375424
2.07918 0.377371
2.0858 0.379825
2.09242 0.382097
2.09905 0.384085
2.10567 0.386574
2.1123 0.388752
2.11892 0.390658
2.12554 0.393201
2.13217 0.395426
2.13879 0.397248
2.14542 0.399717
2.15204 0.402002
2.15866 0.403877
2.16529 0.406392
2.17191 0.408593
2.17854 0.410519
2.18516 0.413079
2.19178 0.415194
2.19841 0.41717
2.20503 0.419774
2.21166 0.421927
9.76145 0.382811
9.76807 0.34946
9.77469 0.321027
9.78132 0.297024
9.78794 0.276771
9.79457 0.259925
9.80119 0.246059
9.80781 0.234677
9.81444 0.225592
9.82106 0.218518
9.82769 0.213078
9.83431 0.209193
9.84093 0.206544
9.84756 0.205101
9.85418 0.204714
9.86081 0.205124
9.86743 0.206359
9.87405 0.208314
9.88068 0.210775
9.8873 0.213803
9.89393 0.217203
9.90055 0.221052
9.90717 0.225296
9.9138 0.229759
9.92042 0.234539
9.92705 0.239597
9.93367 0.244772
9.94029 0.250175
9.94692 0.255654
9.95354 0.261322
9.96017 0.267157
9.96679 0.273012
9.97341 0.279011
9.98004 0.285134
9.98666 0.291242
9.99329 0.297462
9.99991 0.303654
10.0065 0.309948
