0.0 65535
0.101505 262140
0.207659 262140
0.316982 262140
0.426304 262140
0.532314 262140
0.538938 262140
0.641637 262140
0.648261 262140
0.654885 262140
0.750959 262140
0.757583 262140
0.764207 262140
0.770831 262140
0.85697 262140
0.863594 262140
0.870218 262140
0.876842 262140
0.883466 262140
0.89009 262140
0.96298 262140
0.969604 262140
0.976228 262140
0.982852 262140
0.989476 262140
0.9961 262140
1.00272 262140
1.00935 262140
1.01597 262140
1.06899 262140
1.07561 262140
1.08224 262140
1.08886 262140
1.09549 262140
1.10211 262140
1.10873 262140
1.11536 262140
1.12198 262140
1.12861 262140
1.13523 262140
1.14185 262140
1.14848 262140
1.1551 262140
1.17831 262140
1.18494 262140
1.19156 262140
1.19818 262140
1.20481 262140
1.21143 262140
1.21806 262140
1.22468 262140
1.2313 262140
1.23793 262140
1.24455 262140
1.25118 262140
1.2578 262140
1.26442 262140
1.27105 262140
1.27767 262140
1.2843 262140
1.29092 262140
1.29754 262140
1.30417 262140
1.31079 262140
1.31742 262140
1.32404 262140
1.33066 262140
1.33729 262140
1.34391 262140
1.35054 262140
1.35716 262140
1.36378 262140
1.37041 262140
1.37703 262140
1.38366 262140
1.39028 262140
1.3969 262140
1.40353 262140
1.41015 262140
1.41678 262140
1.4234 262140
1.43002 262140
1.43665 262140
1.44327 262140
1.4499 262140
1.45652 262140
1.46314 262140
1.46977 262140
1.47639 262140
1.48302 262140
1.48964 262140
1.49626 262140
1.50289 262140
1.50951 262140
1.51614 262140
1.52276 262140
1.52938 262140
1.53601 262140
1.54263 262140
1.54926 262140
1.55588 262140
1.5625 262140
1.56913 262140
1.57575 262140
1.58238 262140
1.589 262140
1.59562 262140
1.60225 262140
1.60887 262140
1.6155 262140
1.62212 262140
1.62874 262140
1.63537 262140
1.64199 262140
1.64862 262140
1.65524 262140
1.66186 262140
1.66849 262140
1.67511 262140
1.68174 262140
1.68836 262140
1.69498 262140
1.70161 262140
1.70823 262140
1.71486 262140
1.72148 262140
1.7281 262140
1.73473 262140
1.74135 262140
1.74798 262140
1.7546 262140
1.76122 262140
1.76785 262140
1.77447 262140
1.7811 262140
1.78772 262140
1.79434 262140
1.80097 262140
1.80759 262140
1.81422 262140
1.82084 262140
1.82746 262140
1.83409 262140
1.84071 262140
1.84734 262140
1.85396 262140
1.86058 262140
1.86721 262140
1.87383 262140
1.88046 262140
1.88708 262140
1.8937 262140
1.90033 262140
1.90695 262140
1.91358 262140
1.9202 262140
1.92682 262140
1.93345 262140
1.94007 262140
1.9467 262140
1.95332 262140
1.95994 262140
1.96657 262140
1.97319 262140
1.97982 262140
1.98644 262140
1.99306 262140
1.99969 262140
2.00631 262140
2.01294 262140
2.01956 262140
2.02618 262140
2.03281 262140
2.03943 262140
2.04606 262140
2.05268 262140
2.0593 262140
2.06593 262140
2.07255 262140
2.07918 262140
2.0858 262140
2.09242 262140
2.09905 262140
2.10567 262140
2.1123 262140
2.11892 262140
2.12554 262140
2.13217 262140
2.13879 262140
2.14542 262140
2.15204 262140
2.15866 262140
2.16529 262140
2.17191 262140
2.17854 262140
2.18516 262140
2.19178 262140
2.19841 262140
2.20503 262140
2.21166 262140
2.22159 35820
2.22159 35820
2.2249 35820
2.22822 35820
2.23153 35820
2.23484 35820
2.23815 35820
2.24146 35820
2.24478 35820
2.24809 35820
2.2514 35820
2.25471 35820
2.25802 35820
2.26134 35820
2.26465 35820
2.26796 35820
2.27127 35820
2.27458 35820
2.2779 35820
2.28121 35820
2.28452 35820
2.28783 35820
2.29114 35820
2.29446 35820
2.29777 35820
2.30108 35820
2.30439 35820
2.3077 35820
2.31102 35820
2.31433 35820
2.31764 35820
2.32095 35820
2.32426 35820
2.32758 35820
2.33089 35820
2.3342 35820
2.33751 35820
2.34082 35820
2.34414 35820
2.34745 35820
2.35076 35820
2.35407 35820
2.35738 35820
2.3607 35820
2.36401 35820
2.36732 35820
2.37063 35820
2.37394 35820
2.37726 35820
2.38057 35820
2.38388 35820
2.38719 35820
2.3905 35820
2.39382 35820
2.39713 35820
2.40044 35820
2.40375 35820
2.40706 35820
2.41038 35820
2.41369 35820
2.417 35820
2.42031 35820
2.42362 35820
2.42694 35820
2.43025 35820
2.43356 35820
2.43687 35820
2.44018 35820
2.4435 35820
2.44681 35820
2.45012 35820
2.45343 35820
2.45674 35820
2.46006 35820
2.46337 35820
2.46668 35820
2.46999 35820
2.4733 35820
2.47662 35820
2.47993 35820
2.48324 35820
2.48655 35820
2.48986 35820
2.49318 35820
2.49649 35820
2.4998 35820
2.50311 35820
2.50642 35820
2.50974 35820
2.51305 35820
2.51636 35820
2.51967 35820
2.52298 35820
2.5263 35820
2.52961 35820
2.53292 35820
2.53623 35820
2.53954 35820
2.54286 35820
2.54617 35820
2.54948 35820
2.55279 35820
2.5561 35820
2.55942 35820
2.56273 35820
2.56604 35820
2.56935 35820
2.57266 35820
2.57598 35820
2.57929 35820
2.5826 35820
2.58591 35820
2.58922 35820
2.59254 35820
2.59585 35820
2.59916 35820
2.60247 35820
2.60578 35820
2.6091 35820
2.61241 35820
2.61572 35820
2.61903 35820
2.62234 35820
2.62566 35820
2.62897 35820
2.63228 35820
2.63559 35820
2.6389 35820
2.64222 35820
2.64553 35820
2.64884 35820
2.65215 35820
2.65546 35820
2.65878 35820
2.66209 35820
2.6654 35820
2.66871 35820
2.67202 35820
2.67534 35820
2.67865 35820
2.68196 35820
2.68527 35820
2.68858 35820
2.6919 35820
2.69521 35820
2.69852 35820
2.70183 35820
2.70514 35820
2.70846 35820
2.71177 35820
2.71508 35820
2.71839 35820
2.7217 35820
2.72502 35820
2.72833 35820
2.73164 35820
2.73495 35820
2.73826 35820
2.74158 35820
2.74489 35820
2.7482 35820
2.75151 35820
2.75482 35820
2.75814 35820
2.76145 35820
2.76476 35820
2.76807 35820
2.77138 35820
2.7747 35820
2.77801 35820
2.86746 35820
2.97347 35820
3.07948 35820
3.18549 35820
3.2915 35820
3.39751 35820
3.50352 35820
3.60953 35820
3.61284 35820
3.71554 35820
3.71885 35820
3.72217 35820
3.72548 35820
3.72879 35820
3.7321 35820
3.73541 35820
3.73873 35820
3.82155 35820
3.82486 35820
3.82818 35820
3.83149 35820
3.8348 35820
3.92756 35820
4.03357 35820
4.13958 35820
4.1429 35820
4.14621 35820
4.24559 35820
4.24891 35820
4.25222 35820
4.25553 35820
4.25884 35820
4.26215 35820
4.26547 35820
4.26878 35820
4.3516 35820
4.35492 35820
4.35823 35820
4.36154 35820
4.45761 35820
4.56362 35820
4.66964 35820
4.67295 35820
4.67626 35820
4.67957 35820
4.77565 35820
4.77896 35820
4.78227 35820
4.78558 35820
4.78889 35820
4.79221 35820
4.79552 35820
4.79883 35820
4.88166 35820
4.88497 35820
4.88828 35820
4.98767 35820
5.09368 35820
5.19969 35820
5.203 35820
5.20631 35820
5.20962 35820
5.21294 35820
5.3057 35820
5.30901 35820
5.31232 35820
5.31563 35820
5.31895 35820
5.32226 35820
5.32557 35820
5.32888 35820
5.41171 35820
5.41502 35820
5.51772 35820
5.62373 35820
5.72974 35820
5.73305 35820
5.73636 35820
5.73968 35820
5.74299 35820
5.7463 35820
5.83575 35820
5.83906 35820
5.84237 35820
5.84569 35820
5.849 35820
5.85231 35820
5.85562 35820
5.85893 35820
5.94176 35820
6.04777 35820
6.15378 35820
6.15709 35820
6.25979 35820
6.2631 35820
6.26642 35820
6.26973 35820
6.27304 35820
6.27635 35820
6.27966 35820
6.28298 35820
6.3658 35820
6.36911 35820
6.37243 35820
6.37574 35820
6.37905 35820
6.47181 35820
6.57782 35820
6.68383 35820
6.68714 35820
6.69046 35820
6.78984 35820
6.79316 35820
6.79647 35820
6.79978 35820
6.80309 35820
6.8064 35820
6.80972 35820
6.81303 35820
6.89585 35820
6.89917 35820
6.90248 35820
6.90579 35820
7.00186 35820
7.10787 35820
7.21388 35820
7.2172 35820
7.22051 35820
7.22382 35820
7.3199 35820
7.32321 35820
7.32652 35820
7.32983 35820
7.33314 35820
7.33646 35820
7.33977 35820
7.34308 35820
7.42591 35820
7.42922 35820
7.43253 35820
7.53192 35820
7.63793 35820
7.74394 35820
7.74725 35820
7.75056 35820
7.75387 35820
7.75718 35820
7.84995 35820
7.85326 35820
7.85657 35820
7.85988 35820
7.8632 35820
7.86651 35820
7.86982 35820
7.87313 35820
7.95596 35820
7.95927 35820
8.06197 35820
8.16798 35820
8.27399 35820
8.2773 35820
8.28061 35820
8.28392 35820
8.28724 35820
8.29055 35820
8.38 35820
8.38331 35820
8.38662 35820
8.38994 35820
8.39325 35820
8.39656 35820
8.39987 35820
8.40318 35820
8.48601 35820
8.59202 35820
8.69803 35820
8.70134 35820
8.80404 35820
8.80735 35820
8.81066 35820
8.81398 35820
8.81729 35820
8.8206 35820
8.82391 35820
8.82722 35820
8.91005 35820
8.91336 35820
8.91668 35820
8.91999 35820
8.9233 35820
9.01606 35820
9.12207 35820
9.22808 35820
9.23139 35820
9.23471 35820
9.33409 35820
9.3374 35820
9.34072 35820
9.34403 35820
9.34734 35820
9.35065 35820
9.35396 35820
9.35728 35820
9.4401 35820
9.44342 35820
9.44673 35820
9.45004 35820
9.54611 35820
9.65212 35820
9.65212 35820
9.76145 35820
9.76807 35820
9.77469 35820
9.78132 35820
9.78794 35820
9.79457 35820
9.80119 35820
9.80781 35820
9.81444 35820
9.82106 35820
9.82769 35820
9.83431 35820
9.84093 35820
9.84756 35820
9.85418 35820
9.86081 35820
9.86743 35820
9.87405 35820
9.88068 35820
9.8873 35820
9.89393 35820
9.90055 35820
9.90717 35820
9.9138 35820
9.92042 35820
9.92705 35820
9.93367 35820
9.94029 35820
9.94692 35820
9.95354 35820
9.96017 35820
9.96679 35820
9.97341 35820
9.98004 35820
9.98666 35820
9.99329 35820
9.99991 35820
10.0065 35820
