0.0 360
0.207659 720
0.316982 1080
0.426304 1440
0.532314 1800
0.538938 2160
0.641637 2520
0.648261 2880
0.654885 3240
0.750959 3600
0.757583 3960
0.764207 4320
0.770831 4680
0.85697 5040
0.863594 5400
0.870218 5760
0.876842 6120
0.883466 6480
0.89009 6840
0.96298 7200
0.969604 7560
0.976228 7920
0.982852 8280
0.989476 8640
0.9961 9000
1.00272 9360
1.00935 9720
1.01597 10080
1.06899 10440
1.07561 10800
1.08224 11160
1.08886 11520
1.09549 11880
1.10211 12240
1.10873 12600
1.11536 12960
1.12198 13320
1.12861 13680
1.13523 14040
1.14185 14400
1.14848 14760
1.1551 15120
1.17831 15480
1.18494 15840
1.19156 16200
1.19818 16560
1.20481 16920
1.21143 17280
1.21806 17640
1.22468 18000
1.2313 18360
1.23793 18720
1.24455 19080
1.25118 19440
1.2578 19800
1.26442 20160
1.27105 20520
1.27767 20880
1.2843 21240
1.29092 21600
1.29754 21960
1.30417 22320
1.31079 22680
1.31742 23040
1.32404 23400
1.33066 23760
1.33729 24120
1.34391 24480
1.35054 24840
1.35716 25200
1.36378 25560
1.37041 25920
1.37703 26280
1.38366 26640
1.39028 27000
1.3969 27360
1.40353 27720
1.41015 28080
1.41678 28440
1.4234 28800
1.43002 29160
1.43665 29520
1.44327 29880
1.4499 30240
1.45652 30600
1.46314 30960
1.46977 31320
1.47639 31680
1.48302 32040
1.48964 32400
1.49626 32760
1.50289 33120
1.50951 33480
1.51614 33840
1.52276 34200
1.52938 34560
1.53601 34920
1.54263 35280
1.54926 35640
1.55588 36000
1.5625 36360
1.56913 36720
1.57575 37080
1.58238 37440
1.589 37800
1.59562 38160
1.60225 38520
1.60887 38880
1.6155 39240
1.62212 39600
1.62874 39960
1.63537 40320
1.64199 40680
1.64862 41040
1.65524 41400
1.66186 41760
1.66849 42120
1.67511 42480
1.68174 42840
1.68836 43200
1.69498 43560
1.70161 43920
1.70823 44280
1.71486 44640
1.72148 45000
1.7281 45360
1.73473 45720
1.74135 46080
1.74798 46440
1.7546 46800
1.76122 47160
1.76785 47520
1.77447 47880
1.7811 48240
1.78772 48600
1.79434 48960
1.80097 49320
1.80759 49680
1.81422 50040
1.82084 50400
1.82746 50760
1.83409 51120
1.84071 51480
1.84734 51840
1.85396 52200
1.86058 52560
1.86721 52920
1.87383 53280
1.88046 53640
1.88708 54000
1.8937 54360
1.90033 54720
1.90695 55080
1.91358 55440
1.9202 55800
1.92682 56160
1.93345 56520
1.94007 56880
1.9467 57240
1.95332 57600
1.95994 57960
1.96657 58320
1.97319 58680
1.97982 59040
1.98644 59400
1.99306 59760
1.99969 60120
2.00631 60480
2.01294 60840
2.01956 61200
2.02618 61560
2.03281 61920
2.03943 62280
2.04606 62640
2.05268 63000
2.0593 63360
2.06593 63720
2.07255 64080
2.07918 64440
2.0858 64800
2.09242 65160
2.09905 65520
2.10567 65880
2.1123 66240
2.11892 66600
2.12554 66960
2.13217 67320
2.13879 67680
2.14542 68040
2.15204 68400
2.15866 68760
2.16529 69120
2.17191 69480
2.17854 69840
2.18516 70200
2.19178 70560
2.19841 70920
2.20503 71280
2.21166 71640
2.22159 71640
2.22159 36900
2.2249 37260
2.22822 37620
2.23153 37980
2.23484 38340
2.23815 38700
2.24146 39060
2.24478 39420
2.24809 39780
2.2514 40140
2.25471 40500
2.25802 40860
2.26134 41220
2.26465 41580
2.26796 41940
2.27127 42300
2.27458 42660
2.2779 43020
2.28121 43380
2.28452 43740
2.28783 44100
2.29114 44460
2.29446 44820
2.29777 45180
2.30108 45540
2.30439 45900
2.3077 46260
2.31102 46620
2.31433 46980
2.31764 47340
2.32095 47700
2.32426 48060
2.32758 48420
2.33089 48780
2.3342 49140
2.33751 49500
2.34082 49860
2.34414 50220
2.34745 50580
2.35076 50940
2.35407 51300
2.35738 51660
2.3607 52020
2.36401 52380
2.36732 52740
2.37063 53100
2.37394 53460
2.37726 53820
2.38057 54180
2.38388 54540
2.38719 54900
2.3905 55260
2.39382 55620
2.39713 55980
2.40044 56340
2.40375 56700
2.40706 57060
2.41038 57420
2.41369 57780
2.417 58140
2.42031 58500
2.42362 58860
2.42694 59220
2.43025 59580
2.43356 59940
2.43687 60300
2.44018 60660
2.4435 61020
2.44681 61380
2.45012 61740
2.45343 62100
2.45674 62460
2.46006 62820
2.46337 63180
2.46668 63540
2.46999 63900
2.4733 64260
2.47662 64620
2.47993 64980
2.48324 65340
2.48655 65700
2.48986 66060
2.49318 66420
2.49649 66780
2.4998 67140
2.50311 67500
2.50642 67860
2.50974 68220
2.51305 68580
2.51636 68940
2.51967 69300
2.52298 69660
2.5263 70020
2.52961 70380
2.53292 70740
2.53623 71100
2.53954 71460
2.54286 71820
2.54617 72180
2.54948 72540
2.55279 72900
2.5561 73260
2.55942 73620
2.56273 73980
2.56604 74340
2.56935 74700
2.57266 75060
2.57598 75420
2.57929 75780
2.5826 76140
2.58591 76500
2.58922 76860
2.59254 77220
2.59585 77580
2.59916 77940
2.60247 78300
2.60578 78660
2.6091 79020
2.61241 79380
2.61572 79740
2.61903 80100
2.62234 80460
2.62566 80820
2.62897 81180
2.63228 81540
2.63559 81900
2.6389 82260
2.64222 82620
2.64553 82980
2.64884 83340
2.65215 35820
2.65215 35823
2.66209 35823
2.66209 42120
2.6654 42480
2.66871 42840
2.67202 43200
2.67534 43560
2.67865 43920
2.68196 44280
2.68527 44640
2.68858 45000
2.6919 45360
2.69521 45720
2.69852 46080
2.70183 46440
2.70514 46800
2.70846 47160
2.71177 47520
2.71508 47880
2.71839 48240
2.7217 48600
2.72502 48960
2.72833 49320
2.73164 49680
2.73495 50040
2.73826 50400
2.74158 50760
2.74489 51120
2.7482 51480
2.75151 51840
2.75482 52200
2.75814 52560
2.7681 41040
2.7681 41043
3.7681 41043
3.7681 360
3.87411 720
3.98012 1080
4.08613 1440
4.19214 1800
4.20208 2160
4.30477 2520
4.31471 2880
4.41079 3240
4.42072 3600
4.43066 3960
4.52011 4320
4.53004 4680
4.53998 5040
4.54992 5400
4.62943 5760
4.63937 6120
4.6493 6480
4.65924 6840
4.66917 7200
4.73544 7560
4.74538 7920
4.75531 8280
4.76525 8640
4.77518 9000
4.78512 9360
4.79506 9720
4.84476 10080
4.8547 10440
4.86463 10800
4.87457 11160
4.88451 11520
4.89444 11880
4.90438 12240
4.91431 12600
4.92425 12960
4.95077 13320
4.96071 13680
4.97065 14040
4.98058 14400
4.99052 14760
5.00045 15120
5.01039 15480
5.02033 15840
5.03026 16200
5.0402 16560
5.05013 16920
5.06007 17280
5.07001 17640
5.07994 18000
5.08988 18360
5.09981 18720
5.10975 19080
5.11968 19440
5.12962 19800
5.13956 20160
5.14949 20520
5.15943 20880
5.16936 21240
5.1793 21600
5.18924 21960
5.19917 22320
5.20911 22680
5.21904 23040
5.22898 23400
5.23892 23760
5.24885 23760
5.24885 12960
5.25216 13320
5.25548 13680
5.25879 14040
5.2621 14400
5.26541 14760
5.26872 15120
5.27204 15480
5.27535 15840
5.27866 16200
5.28197 16560
5.28528 16920
5.2886 17280
5.29191 17640
5.29522 18000
5.29853 18360
5.30184 18720
5.30516 19080
5.30847 19440
5.31178 19800
5.31509 20160
5.3184 20520
5.32172 20880
5.32503 21240
5.32834 21600
5.33165 21960
5.33496 22320
5.33828 22680
5.34159 23040
5.3449 23400
5.35152 11880
5.35152 11890
5.35815 11900
5.36477 11910
5.3714 11920
5.37802 11930
5.38464 11940
5.39127 11950
5.39789 11960
5.40452 11970
5.41114 11980
5.41776 11990
5.42439 12000
5.43101 12010
5.43764 12020
5.44426 12030
5.45088 12040
5.45751 12050
5.46413 12060
5.47076 12070
5.47738 12080
5.484 12090
5.49063 12100
5.49725 12110
5.50388 12120
5.5105 12130
5.51712 12140
5.52375 12150
5.53037 12160
5.537 12170
5.54362 12180
5.55024 12190
5.55687 12200
5.56349 12210
5.57343 12220
5.58005 12230
5.58668 12240
5.5933 12250
5.59992 12260
5.60655 12270
5.61317 12280
5.6198 12290
5.62642 12300
5.63304 12310
5.63967 12320
5.64629 12330
5.65292 12340
5.65954 12350
5.66616 12360
5.67279 12370
5.67944 12380
5.68606 12390
5.69269 12400
5.69931 12410
5.70594 12420
5.71256 12430
5.71918 12440
5.72581 12450
5.73243 12460
5.73906 12470
5.74568 12480
5.7523 12490
5.75893 12500
5.76555 12510
5.77218 12520
5.7788 12530
5.78542 12540
5.79205 12550
5.79867 12560
5.8053 12570
5.81192 12580
5.81854 12590
5.82517 12600
5.83179 12610
5.83842 12620
5.84504 12630
5.85166 12640
5.85829 12650
5.86491 12660
5.87154 12670
5.87816 12680
5.88478 12690
5.89141 12700
5.89803 12710
5.90466 12720
5.91128 12730
5.9179 12740
5.92453 12750
5.93115 12760
5.93778 12770
5.9444 12780
5.95102 12790
5.95765 12800
5.96427 12810
5.9709 12820
5.97752 12830
5.98414 12840
5.99077 12850
5.99739 12860
6.00402 12870
6.01064 12880
6.01726 12890
6.02389 12900
6.03051 12910
6.03714 12920
6.04376 12930
6.05038 12940
6.05701 12950
6.06363 12960
6.07026 12970
6.07688 12979
6.0835 12988
6.09013 12997
6.09675 13006
6.10338 13015
6.11 13024
6.11662 13033
6.12325 13042
6.12987 13051
6.1365 13060
6.14312 13069
6.14974 13078
6.15637 13087
6.16299 13096
6.16962 13105
6.17624 13114
6.18286 13123
6.18949 13132
6.19611 13141
6.20274 13150
6.20936 13159
6.21598 13168
6.22261 13177
6.22923 13186
6.23586 13195
6.24248 13204
6.2491 13213
6.25573 13222
6.26235 13231
6.26898 13240
6.2756 13249
6.28222 13258
6.28885 13267
6.29547 13276
6.3021 13285
6.30872 13294
6.31534 13303
6.32197 13312
6.32859 13321
6.33522 13330
6.34184 13339
6.34846 13348
6.35509 13357
6.36171 13366
6.36834 13375
6.37496 13384
6.38158 13393
6.38821 13402
6.39483 13411
6.40146 13420
6.40808 13429
6.4147 13438
6.42133 13447
6.42795 13456
6.43458 13465
6.4412 13474
6.44782 13483
6.45445 13492
6.46107 13501
6.4677 13510
6.47432 13519
6.48094 13528
6.48757 13537
6.49419 13546
6.50082 13555
6.50744 13564
6.51406 13573
6.52069 13582
6.52731 13591
6.53393 13600
6.54056 13609
6.54718 13618
6.55381 13627
6.56043 13636
6.56705 13645
6.57368 13654
6.5803 13663
6.58693 13672
6.59355 13681
6.60017 13690
6.6068 13699
6.61342 13708
6.62005 13717
6.62667 13726
6.63329 13735
6.63992 13744
6.64654 13753
6.65317 13762
6.65979 13771
6.66641 13780
6.67304 13789
6.67966 13798
6.68629 13807
6.69291 13816
6.69953 13825
6.70616 13834
6.71278 13843
6.71941 13852
6.72603 13861
6.73265 13870
6.73928 13879
6.7459 13888
6.75253 13897
6.75915 13906
6.76577 13915
6.7724 13924
6.77902 13933
6.78565 13942
6.79227 13951
6.79889 13960
6.80552 13969
6.81214 13978
6.81877 13987
6.82539 13996
6.83201 14005
6.83864 14014
6.84526 14023
6.85189 14032
6.85851 14041
6.86513 14050
6.87176 14059
6.87838 14068
6.88501 14077
6.89163 14086
6.89825 14095
6.90488 14104
6.9115 14113
6.91813 14122
6.92475 14131
6.93137 14140
6.938 14149
6.94462 14158
6.95125 14167
6.95787 14176
6.96449 14185
6.97112 14194
6.97774 14203
6.98437 14212
6.99099 14221
6.99761 14230
7.00424 14239
7.01086 14248
7.01749 14257
7.02411 14266
7.03073 14275
7.03736 14284
7.04398 14293
7.05061 14302
7.05723 14311
7.06385 14320
7.07048 14329
7.0771 14338
7.08373 14347
7.09035 14356
7.09697 14365
7.1036 14374
7.11022 14383
7.11685 14392
7.12347 14401
7.13009 14409
7.13672 14417
7.14334 14425
7.14997 14433
7.15659 14441
7.16321 14449
7.16984 14457
7.17646 14465
7.18309 14473
7.18971 14481
7.19633 14489
7.20296 14497
7.20958 14505
7.21621 14513
7.22283 14521
7.22945 14529
7.23608 14537
7.2427 14545
7.24933 14553
7.25595 14561
7.26257 14569
7.2692 14577
7.27582 14585
7.28245 14593
7.28907 14601
7.29569 14609
7.30232 14617
7.30894 14625
7.31557 14633
7.32219 14641
7.32881 14649
7.33544 14657
7.34206 14665
7.34869 14673
7.35531 14681
7.36193 14689
7.36856 14697
7.37518 14705
7.38181 14713
7.38843 14721
7.39505 14729
7.40168 14737
7.4083 14745
7.41493 14753
7.42155 14761
7.42817 14769
7.4348 14777
7.44142 14785
7.44805 14793
7.45467 14801
7.46129 14809
7.46792 14817
7.47454 14825
7.48117 14833
7.48779 14841
7.49441 14849
7.50104 14857
7.50766 14865
7.51429 14873
7.52091 14881
7.52753 14889
7.53416 14897
7.54078 14905
7.54741 14913
7.55403 14921
7.56065 14929
7.56728 14937
7.5739 14945
7.58053 14953
7.58715 14961
7.59377 14969
7.6004 14977
7.60702 14985
7.61365 14993
7.62027 15001
7.62689 15009
7.63352 15017
7.64014 15025
7.64677 15033
7.65339 15041
7.66001 15049
7.66664 15057
7.67326 15065
7.67989 15073
7.68651 15081
7.69313 15089
7.69976 15097
7.70638 15105
7.71301 15113
7.71963 15121
7.72625 15129
7.73288 15137
7.7395 15145
7.74613 15153
7.75275 15161
7.75937 15169
7.766 15177
7.77262 15185
7.77925 15193
7.78587 15201
7.79249 15209
7.79912 15217
7.80574 15225
7.81237 15233
7.81899 15241
7.82561 15249
7.83224 15257
7.83886 15265
7.84549 15273
7.85211 15281
7.85873 15289
7.86536 15297
7.87198 15305
7.87861 15313
7.88523 15321
7.89185 15329
7.89848 15337
7.9051 15345
7.91173 15353
7.91835 15361
7.92497 15369
7.9316 15377
7.93822 15385
7.94485 15393
7.95147 15401
7.95809 15409
7.96472 15417
7.97134 15425
7.97797 15433
7.98459 15441
7.99121 15449
7.99784 15457
8.00446 15465
8.01109 15473
8.01771 15481
8.02433 15489
8.03096 15497
8.03758 15505
8.04421 15513
8.05083 15521
8.05745 15529
8.06408 15537
8.0707 15545
8.07733 15553
8.08395 15561
8.09057 15569
8.0972 15577
8.10382 15585
8.11045 15593
8.11707 15601
8.12369 15609
8.13032 15617
8.13694 15625
8.14357 15633
8.15019 15641
8.15681 15649
8.16344 15657
8.17006 15665
8.17669 15673
8.18331 15681
8.18993 15689
8.19656 15697
8.20318 15705
8.20981 15713
8.21643 15721
8.22305 15729
8.22968 15737
8.2363 15745
8.24293 15753
8.24955 15761
8.25617 15769
8.2628 15777
8.26942 15785
8.27605 15793
8.28267 15801
8.28929 15809
8.29592 15817
8.30254 15825
8.30917 15833
8.31579 15841
8.32241 15849
8.32904 15857
8.33566 15865
8.34229 15873
8.34891 15881
8.35553 15889
8.36216 15897
8.36878 15905
8.37541 15913
8.38203 15921
8.38865 15929
8.39528 15937
8.4019 15945
8.40853 15953
8.41515 15961
8.42177 15969
8.4284 15977
8.43502 15985
8.44165 15993
8.44827 16001
8.45489 16009
8.46152 16017
8.46814 16025
8.47477 16033
8.48139 16041
8.48801 16049
8.49464 16057
8.50126 16065
8.50789 16073
8.51451 16081
8.52113 16089
8.52776 16097
8.53438 16105
8.54101 16113
8.54763 16121
8.55425 16129
8.56088 16137
8.5675 16145
8.57413 16153
8.58075 16161
8.58737 16169
8.594 16177
8.60062 16185
8.60725 16193
8.61387 16201
8.62049 16208
8.62712 16215
8.63374 16222
8.64037 16229
8.64699 16236
8.65361 16243
8.66024 16250
8.66686 16257
8.67349 16264
8.68011 16271
8.68673 16278
8.69336 16285
8.69998 16292
8.70661 16299
8.71323 16306
8.71985 16313
8.72648 16320
8.7331 16327
8.73973 16334
8.74635 16341
8.75297 16348
8.7596 16355
8.76622 16362
8.77285 16369
8.77947 16376
8.78609 16383
8.79272 16390
8.79934 16397
8.80597 16404
8.81259 16411
8.81921 16418
8.82584 16425
8.83246 16432
8.83909 16439
8.84571 16446
8.85233 16453
8.85896 16460
8.86558 16467
8.87221 16474
8.87883 16481
8.88545 16488
8.89208 16495
8.8987 16502
8.90533 16509
8.91195 16516
8.91857 16523
8.9252 16530
8.93182 16537
8.93845 16544
8.94507 16551
8.95169 16558
8.95832 16565
8.96494 16572
8.97157 16579
8.97819 16586
8.98481 16593
8.99144 16600
8.99806 16607
9.00469 16614
9.01131 16621
9.01793 16628
9.02456 16635
9.03118 16642
9.03781 16649
9.04443 16656
9.05105 16663
9.05768 16670
9.0643 16677
9.07093 16684
9.07755 16691
9.08417 16698
9.0908 16705
9.09742 16712
9.10405 16719
9.11067 16726
9.11729 16733
9.12392 16740
9.13054 16747
9.13717 16754
9.14379 16761
9.15041 16768
9.15704 16775
9.16366 16782
9.17029 16789
9.17691 16796
9.18353 16803
9.19016 16810
9.19678 16817
9.20341 16824
9.21003 16831
9.21665 16838
9.22328 16845
9.2299 16852
9.23653 16859
9.24315 16866
9.24977 16873
9.2564 16880
9.26302 16887
9.26965 16894
9.27627 16901
9.28289 16908
9.28952 16915
9.29614 16922
9.30277 16929
9.30939 16936
9.31601 16943
9.32264 16950
9.32926 16957
9.33589 16964
9.34251 16971
9.34913 16978
9.35576 16985
9.36238 16992
9.36901 16999
9.37563 17006
9.38225 17013
9.38888 17020
9.3955 17027
9.40213 17034
9.40875 17041
9.41537 17048
9.422 17055
9.42862 17062
9.43525 17069
9.44187 17076
9.44849 17083
9.45512 17090
9.46174 17097
9.46837 17104
9.47499 17111
9.48161 17118
9.48824 17125
9.49486 17132
9.50149 17139
9.50811 17146
9.51473 17153
9.52136 17160
9.52798 17167
9.53461 17174
9.54123 17181
9.54785 17188
9.55448 17195
9.5611 17202
9.56773 17209
9.57435 17216
9.58097 17223
9.5876 17230
9.59422 17237
9.60085 17244
9.60747 17251
9.61409 17258
9.62072 17265
9.62734 17272
9.63397 17279
9.64059 17286
9.64721 17293
9.65384 17300
9.66046 17307
9.66709 17314
9.67371 17321
9.68033 17328
9.68696 17335
9.69358 17342
9.70021 17349
9.70683 17356
9.71345 17363
9.72008 17370
9.7267 17377
9.73333 17384
9.73995 17391
9.74657 17398
9.7532 17405
9.75982 17412
9.76645 17419
9.77307 17426
9.77969 17433
9.78632 17440
9.79294 17447
9.79957 17454
9.80619 17461
9.81281 17468
9.81944 17475
9.82606 17482
9.83269 17489
9.83931 17496
9.84593 17503
9.85256 17510
9.85918 17517
9.86581 17524
9.87243 17531
9.87905 17538
9.88568 17545
9.8923 17552
9.89893 17559
9.90555 17566
9.91217 17573
9.9188 17580
9.92542 17587
9.93205 17594
9.93867 17601
9.94529 17608
9.95192 17615
9.95854 17622
9.96517 17629
9.97179 17636
9.97841 17643
9.98504 17650
9.99166 17657
9.99829 17664
10.0049 17671
