0.101505 1
0.101505 1
0.207659 361
0.207659 721
0.316982 1081
0.316982 1441
0.316982 1801
0.426304 2161
0.426304 2521
0.426304 2881
0.532314 3241
0.532314 3601
0.532314 3961
0.538938 4321
0.538938 4681
0.538938 5041
0.641637 5401
0.641637 5761
0.641637 6121
0.648261 6481
0.648261 6841
0.648261 7201
0.654885 7561
0.654885 7921
0.654885 8281
0.750959 8641
0.750959 9001
0.750959 9361
0.757583 9721
0.757583 10081
0.757583 10441
0.764207 10801
0.764207 11161
0.764207 11521
0.770831 11881
0.770831 12241
0.770831 12601
0.85697 12961
0.85697 13321
0.85697 13681
0.863594 14041
0.863594 14401
0.863594 14761
0.870218 15121
0.870218 15481
0.870218 15841
0.876842 16201
0.876842 16561
0.876842 16921
0.883466 17281
0.883466 17641
0.883466 18001
0.89009 18361
0.89009 18721
0.89009 19081
0.96298 19441
0.96298 19801
0.96298 20161
0.969604 20521
0.969604 20881
0.969604 21241
0.976228 21601
0.976228 21961
0.976228 22321
0.982852 22681
0.982852 23041
0.982852 23401
0.989476 23761
0.989476 24121
0.989476 24481
0.9961 24841
0.9961 25201
0.9961 25561
1.00272 25921
1.00272 26281
1.00272 26641
1.00935 27001
1.00935 27361
1.00935 27721
1.01597 28081
1.01597 28441
1.01597 28801
1.06899 29161
1.06899 29521
1.06899 29881
1.07561 30241
1.07561 30601
1.07561 30961
1.08224 31321
1.08224 31681
1.08224 32041
1.08886 32401
1.08886 32761
1.08886 33121
1.09549 33481
1.09549 33841
1.09549 34201
1.10211 34561
1.10211 34921
1.10211 35281
1.10873 35641
1.10873 36001
1.10873 36361
1.11536 36721
1.11536 37081
1.11536 37441
1.12198 37801
1.12198 38161
1.12198 38521
1.12861 38881
1.12861 39241
1.12861 39601
1.13523 39961
1.13523 40321
1.13523 40681
1.14185 41041
1.14185 41401
1.14185 41761
1.14848 42121
1.14848 42481
1.14848 42841
1.1551 43201
1.1551 43561
1.1551 43921
1.17831 44281
1.17831 44641
1.17831 45001
1.18494 45361
1.18494 45721
1.18494 46081
1.19156 46441
1.19156 46801
1.19156 47161
1.19818 47521
1.19818 47881
1.19818 48241
1.20481 48601
1.20481 48961
1.20481 49321
1.21143 49681
1.21143 50041
1.21143 50401
1.21806 50761
1.21806 51121
1.21806 51481
1.22468 51841
1.22468 52201
1.22468 52561
1.2313 52921
1.2313 53281
1.2313 53641
1.23793 54001
1.23793 54361
1.23793 54721
1.24455 55081
1.24455 55441
1.24455 55801
1.25118 56161
1.25118 56521
1.25118 56881
1.2578 57241
1.2578 57601
1.2578 57961
1.26442 58321
1.26442 58681
1.26442 59041
1.27105 59401
1.27105 59761
1.27105 60121
1.27767 60481
1.27767 60841
1.27767 61201
1.2843 61561
1.2843 61921
1.2843 62281
1.29092 62641
1.29092 63001
1.29092 63361
1.29754 63721
1.29754 64081
1.29754 64441
1.30417 64801
1.30417 65161
1.30417 65521
1.31079 65881
1.31079 66241
1.31079 66601
1.31742 66961
1.31742 67321
1.31742 67681
1.32404 68041
1.32404 68401
1.32404 68761
1.33066 69121
1.33066 69481
1.33066 69841
1.33729 70201
1.33729 70561
1.33729 70921
1.34391 71281
1.34391 71641
1.34391 72001
1.35054 72361
1.35054 72721
1.35054 73081
1.35716 73441
1.35716 73801
1.35716 74161
1.36378 74521
1.36378 74881
1.36378 75241
1.37041 75601
1.37041 75961
1.37041 76321
1.37703 76681
1.37703 77041
1.37703 77401
1.38366 77761
1.38366 78121
1.38366 78481
1.39028 78841
1.39028 79201
1.39028 79561
1.3969 79921
1.3969 80281
1.3969 80641
1.40353 81001
1.40353 81361
1.40353 81721
1.41015 82081
1.41015 82441
1.41015 82801
1.41678 83161
1.41678 83521
1.41678 83881
1.4234 84241
1.4234 84601
1.4234 84961
1.43002 85321
1.43002 85681
1.43002 86041
1.43665 86401
1.43665 86761
1.43665 87121
1.44327 87481
1.44327 87841
1.44327 88201
1.4499 88561
1.4499 88921
1.4499 89281
1.45652 89641
1.45652 90001
1.45652 90361
1.46314 90721
1.46314 91081
1.46314 91441
1.46977 91801
1.46977 92161
1.46977 92521
1.47639 92881
1.47639 93241
1.47639 93601
1.48302 93961
1.48302 94321
1.48302 94681
1.48964 95041
1.48964 95401
1.48964 95761
1.49626 96121
1.49626 96481
1.49626 96841
1.50289 97201
1.50289 97561
1.50289 97921
1.50951 98281
1.50951 98641
1.50951 99001
1.51614 99361
1.51614 99721
1.51614 100081
1.52276 100441
1.52276 100801
1.52276 101161
1.52938 101521
1.52938 101881
1.52938 102241
1.53601 102601
1.53601 102961
1.53601 103321
1.54263 103681
1.54263 104041
1.54263 104401
1.54926 104761
1.54926 105121
1.54926 105481
1.55588 105841
1.55588 106201
1.55588 106561
1.5625 106921
1.5625 107281
1.5625 107641
1.56913 108001
1.56913 108361
1.56913 108721
1.57575 109081
1.57575 109441
1.57575 109801
1.58238 110161
1.58238 110521
1.58238 110881
1.589 111241
1.589 111601
1.589 111961
1.59562 112321
1.59562 112681
1.59562 113041
1.60225 113401
1.60225 113761
1.60225 114121
1.60887 114481
1.60887 114841
1.60887 115201
1.6155 115561
1.6155 115921
1.6155 116281
1.62212 116641
1.62212 117001
1.62212 117361
1.62874 117721
1.62874 118081
1.62874 118441
1.63537 118801
1.63537 119161
1.63537 119521
1.64199 119881
1.64199 120241
1.64199 120601
1.64862 120961
1.64862 121321
1.64862 121681
1.65524 122041
1.65524 122401
1.65524 122761
1.66186 123121
1.66186 123481
1.66186 123841
1.66849 124201
1.66849 124561
1.66849 124921
1.67511 125281
1.67511 125641
1.67511 126001
1.68174 126361
1.68174 126721
1.68174 127081
1.68836 127441
1.68836 127801
1.68836 128161
1.69498 128521
1.69498 128881
1.69498 129241
1.70161 129601
1.70161 129961
1.70161 130321
1.70823 130681
1.70823 131041
1.70823 131401
1.71486 131761
1.71486 132121
1.71486 132481
1.72148 132841
1.72148 133201
1.72148 133561
1.7281 133921
1.7281 134281
1.7281 134641
1.73473 135001
1.73473 135361
1.73473 135721
1.74135 136081
1.74135 136441
1.74135 136801
1.74798 137161
1.74798 137521
1.74798 137881
1.7546 138241
1.7546 138601
1.7546 138961
1.76122 139321
1.76122 139681
1.76122 140041
1.76785 140401
1.76785 140761
1.76785 141121
1.77447 141481
1.77447 141841
1.77447 142201
1.7811 142561
1.7811 142921
1.7811 143281
1.78772 143641
1.78772 144001
1.78772 144361
1.79434 144721
1.79434 145081
1.79434 145441
1.80097 145801
1.80097 146161
1.80097 146521
1.80759 146881
1.80759 147241
1.80759 147601
1.81422 147961
1.81422 148321
1.81422 148681
1.82084 149041
1.82084 149401
1.82084 149761
1.82746 150121
1.82746 150481
1.82746 150841
1.83409 151201
1.83409 151561
1.83409 151921
1.84071 152281
1.84071 152641
1.84071 153001
1.84734 153361
1.84734 153721
1.84734 154081
1.85396 154441
1.85396 154801
1.85396 155161
1.86058 155521
1.86058 155881
1.86058 156241
1.86721 156601
1.86721 156961
1.86721 157321
1.87383 157681
1.87383 158041
1.87383 158401
1.88046 158761
1.88046 159121
1.88046 159481
1.88708 159841
1.88708 160201
1.88708 160561
1.8937 160921
1.8937 161281
1.8937 161641
1.90033 162001
1.90033 162361
1.90033 162721
1.90695 163081
1.90695 163441
1.90695 163801
1.91358 164161
1.91358 164521
1.91358 164881
1.9202 165241
1.9202 165601
1.9202 165961
1.92682 166321
1.92682 166681
1.92682 167041
1.93345 167401
1.93345 167761
1.93345 168121
1.94007 168481
1.94007 168841
1.94007 169201
1.9467 169561
1.9467 169921
1.9467 170281
1.95332 170641
1.95332 171001
1.95332 171361
1.95994 171721
1.95994 172081
1.95994 172441
1.96657 172801
1.96657 173161
1.96657 173521
1.97319 173881
1.97319 174241
1.97319 174601
1.97982 174961
1.97982 175321
1.97982 175681
1.98644 176041
1.98644 176401
1.98644 176761
1.99306 177121
1.99306 177481
1.99306 177841
1.99969 178201
1.99969 178561
1.99969 178921
2.00631 179281
2.00631 179641
2.00631 180001
2.01294 180361
2.01294 180721
2.01294 181081
2.01956 181441
2.01956 181801
2.01956 182161
2.02618 182521
2.02618 182881
2.02618 183241
2.03281 183601
2.03281 183961
2.03281 184321
2.03943 184681
2.03943 185041
2.03943 185401
2.04606 185761
2.04606 186121
2.04606 186481
2.05268 186841
2.05268 187201
2.05268 187561
2.0593 187921
2.0593 188281
2.0593 188641
2.06593 189001
2.06593 189361
2.06593 189721
2.07255 190081
2.07255 190441
2.07255 190801
2.07918 191161
2.07918 191521
2.07918 191881
2.0858 192241
2.0858 192601
2.0858 192961
2.09242 193321
2.09242 193681
2.09242 194041
2.09905 194401
2.09905 194761
2.09905 195121
2.10567 195481
2.10567 195841
2.10567 196201
2.1123 196561
2.1123 196921
2.1123 197281
2.11892 197641
2.11892 198001
2.11892 198361
2.12554 198721
2.12554 199081
2.12554 199441
2.13217 199801
2.13217 200161
2.13217 200521
2.13879 200881
2.13879 201241
2.13879 201601
2.14542 201961
2.14542 202321
2.14542 202681
2.15204 203041
2.15204 203401
2.15204 203761
2.15866 204121
2.15866 204481
2.15866 204841
2.16529 205201
2.16529 205561
2.16529 205921
2.17191 206281
2.17191 206641
2.17191 207001
2.17854 207361
2.17854 207721
2.17854 208081
2.18516 208441
2.18516 208801
2.18516 209161
2.19178 209521
2.19178 209881
2.19178 210241
2.19841 210601
2.19841 210961
2.19841 211321
2.20503 211681
2.20503 212041
2.20503 212401
2.21166 212761
2.21166 213121
2.21166 213481
2.22159 142201
2.54617 213841
2.54948 214201
2.55279 214561
2.5561 214921
2.55942 215281
2.56273 215641
2.56604 216001
2.56935 216361
2.57266 216721
2.57598 217081
2.57929 217441
2.5826 217801
2.58591 218161
2.58922 218521
2.59254 218881
2.59585 219241
2.59916 219601
2.60247 219961
2.60578 220321
2.6091 220681
2.61241 221041
2.61572 221401
2.61903 221761
2.62234 222121
2.62566 222481
2.62897 222841
2.63228 223201
2.63559 223561
2.6389 223921
2.64222 224281
2.64553 224641
2.64884 225001
2.66209 143281
3.7681 144361
3.87411 145441
3.87411 145801
3.98012 146521
3.98012 146881
3.98012 147241
4.08613 147601
4.08613 147961
4.08613 148321
4.08613 148681
4.19214 149041
4.19214 149401
4.19214 149761
4.19214 150121
4.20208 150481
4.20208 150841
4.20208 151201
4.20208 151561
4.30477 151921
4.30477 152281
4.30477 152641
4.30477 153001
4.31471 153361
4.31471 153721
4.31471 154081
4.31471 154441
4.41079 154801
4.41079 155161
4.41079 155521
4.41079 155881
4.42072 156241
4.42072 156601
4.42072 156961
4.42072 157321
4.43066 157681
4.43066 158041
4.43066 158401
4.43066 158761
4.52011 159121
4.52011 159481
4.52011 159841
4.52011 160201
4.53004 160561
4.53004 160921
4.53004 161281
4.53004 161641
4.53998 162001
4.53998 162361
4.53998 162721
4.53998 163081
4.54992 163441
4.54992 163801
4.54992 164161
4.54992 164521
4.62943 164881
4.62943 165241
4.62943 165601
4.62943 165961
4.63937 166321
4.63937 166681
4.63937 167041
4.63937 167401
4.6493 167761
4.6493 168121
4.6493 168481
4.6493 168841
4.65924 169201
4.65924 169561
4.65924 169921
4.65924 170281
4.66917 170641
4.66917 171001
4.66917 171361
4.66917 171721
4.73544 172081
4.73544 172441
4.73544 172801
4.73544 173161
4.74538 173521
4.74538 173881
4.74538 174241
4.74538 174601
4.75531 174961
4.75531 175321
4.75531 175681
4.75531 176041
4.76525 176401
4.76525 176761
4.76525 177121
4.76525 177481
4.77518 177841
4.77518 178201
4.77518 178561
4.77518 178921
4.78512 179281
4.78512 179641
4.78512 180001
4.78512 180361
4.79506 180721
4.79506 181081
4.79506 181441
4.79506 181801
4.84476 182161
4.84476 182521
4.84476 182881
4.84476 183241
4.8547 183601
4.8547 183961
4.8547 184321
4.8547 184681
4.86463 185041
4.86463 185401
4.86463 185761
4.86463 186121
4.87457 186481
4.87457 186841
4.87457 187201
4.87457 187561
4.88451 187921
4.88451 188281
4.88451 188641
4.88451 189001
4.89444 189361
4.89444 189721
4.89444 190081
4.89444 190441
4.90438 190801
4.90438 191161
4.90438 191521
4.90438 191881
4.91431 192241
4.91431 192601
4.91431 192961
4.91431 193321
4.92425 193681
4.92425 194041
4.92425 194401
4.92425 194761
4.95077 195121
4.95077 195481
4.95077 195841
4.95077 196201
4.96071 196561
4.96071 196921
4.96071 197281
4.96071 197641
4.97065 198001
4.97065 198361
4.97065 198721
4.97065 199081
4.98058 199441
4.98058 199801
4.98058 200161
4.98058 200521
4.99052 200881
4.99052 201241
4.99052 201601
4.99052 201961
5.00045 202321
5.00045 202681
5.00045 203041
5.00045 203401
5.01039 203761
5.01039 204121
5.01039 204481
5.01039 204841
5.02033 205201
5.02033 205561
5.02033 205921
5.02033 206281
5.03026 206641
5.03026 207001
5.03026 207361
5.03026 207721
5.0402 208081
5.0402 208441
5.0402 208801
5.0402 209161
5.05013 209521
5.05013 209881
5.05013 210241
5.05013 210601
5.06007 210961
5.06007 211321
5.06007 211681
5.06007 212041
5.07001 212401
5.07001 212761
5.07001 213121
5.07001 213481
5.07994 213841
5.07994 214201
5.07994 214561
5.07994 214921
5.08988 215281
5.08988 215641
5.08988 216001
5.08988 216361
5.09981 216721
5.09981 217081
5.09981 217441
5.09981 217801
5.10975 218161
5.10975 218521
5.10975 218881
5.10975 219241
5.11968 219601
5.11968 219961
5.11968 220321
5.11968 220681
5.12962 221041
5.12962 221401
5.12962 221761
5.12962 222121
5.13956 222481
5.13956 222841
5.13956 223201
5.13956 223561
5.14949 223921
5.14949 224281
5.14949 224641
5.14949 225001
5.15943 225361
5.15943 225721
5.15943 226081
5.15943 226441
5.16936 226801
5.16936 227161
5.16936 227521
5.16936 227881
5.1793 228241
5.1793 228601
5.1793 228961
5.1793 229321
5.18924 229681
5.18924 230041
5.18924 230401
5.18924 230761
5.19917 231121
5.19917 231481
5.19917 231841
5.19917 232201
5.20911 232561
5.20911 232921
5.20911 233281
5.20911 233641
5.21904 234001
5.21904 234361
5.21904 234721
5.21904 235081
5.22898 235441
5.22898 235801
5.22898 236161
5.22898 236521
5.23892 236881
5.23892 237241
5.23892 237601
5.23892 237961
5.23892 238321
5.23892 238681
5.23892 239041
5.23892 239401
5.23892 239761
5.23892 240121
5.23892 240481
5.23892 240841
5.23892 241201
5.23892 241561
5.23892 241921
5.23892 242281
5.23892 242641
5.23892 243001
5.23892 243361
5.23892 243721
5.23892 244081
5.23892 244441
5.23892 244801
5.23892 245161
5.23892 245521
5.23892 245881
5.23892 246241
5.23892 246601
5.23892 246961
5.23892 247321
5.23892 247681
5.23892 248041
5.23892 248401
5.23892 248761
5.24885 225361
5.45751 249121
5.46413 249481
5.46413 249841
5.47076 250201
5.47076 250561
5.47738 250921
5.47738 251281
5.484 251641
5.484 252001
5.49063 252361
5.49063 252721
5.49725 253081
5.49725 253441
5.50388 253801
5.50388 254161
5.5105 254521
5.5105 254881
5.51712 255241
5.51712 255601
5.52375 255961
5.52375 256321
5.53037 256681
5.53037 257041
5.537 257401
5.537 257761
5.54362 258121
5.54362 258481
5.55024 258841
5.55024 259201
5.55687 259561
5.55687 259921
5.56349 260281
5.56349 260641
5.57343 261001
5.57343 261361
5.58005 261721
5.58005 262081
5.58668 262441
5.58668 262801
5.58668 263161
5.5933 263521
5.5933 263881
5.59992 264241
5.59992 264601
5.60655 264961
5.60655 265321
5.61317 265681
5.61317 266041
5.6198 266401
5.6198 266761
5.62642 267121
5.62642 267481
5.63304 267841
5.63304 268201
5.63967 268561
5.63967 268921
5.64629 269281
5.64629 269641
5.65292 270001
5.65292 270361
5.65954 270721
5.65954 271081
5.66616 271441
5.66616 271801
5.67279 272161
5.67279 272521
5.67944 272881
5.67944 273241
5.68606 273601
5.68606 273961
5.69269 274321
5.69269 274681
5.69931 275041
5.69931 275401
5.70594 275761
5.70594 276121
5.71256 276481
5.71256 276841
5.71918 277201
5.71918 277561
5.72581 277921
5.72581 278281
5.73243 278641
5.73243 279001
5.73906 279361
5.73906 279721
5.74568 280081
5.74568 280441
5.7523 280801
5.7523 281161
5.75893 281521
5.75893 281881
5.76555 282241
5.76555 282601
5.77218 282961
5.77218 283321
5.7788 283681
5.7788 284041
5.78542 284401
5.78542 284761
5.79205 285121
5.79205 285481
5.79867 285841
5.79867 286201
5.8053 286561
5.8053 286921
5.81192 287281
5.81192 287641
5.81854 288001
5.81854 288361
5.82517 288721
5.82517 289081
5.82517 289441
5.83179 289801
5.83179 290161
5.83842 290521
5.83842 290881
5.84504 291241
5.84504 291601
5.85166 291961
5.85166 292321
5.85829 292681
5.85829 293041
5.86491 293401
5.86491 293761
5.87154 294121
5.87154 294481
5.87816 294841
5.87816 295201
5.88478 295561
5.88478 295921
5.89141 296281
5.89141 296641
5.89803 297001
5.89803 297361
5.90466 297721
5.90466 298081
5.91128 298441
5.91128 298801
5.9179 299161
5.9179 299521
5.92453 299881
5.92453 300241
5.93115 300601
5.93115 300961
5.93778 301321
5.93778 301681
5.9444 302041
5.9444 302401
5.95102 302761
5.95102 303121
5.95765 303481
5.95765 303841
5.96427 304201
5.96427 304561
5.9709 304921
5.9709 305281
5.97752 305641
5.97752 306001
5.98414 306361
5.98414 306721
5.99077 307081
5.99077 307441
5.99739 307801
5.99739 308161
6.00402 308521
6.00402 308881
6.01064 309241
6.01064 309601
6.01726 309961
6.01726 310321
6.02389 310681
6.02389 311041
6.03051 311401
6.03051 311761
6.03714 312121
6.03714 312481
6.04376 312841
6.04376 313201
6.05038 313561
6.05038 313921
6.05701 314281
6.05701 314641
6.06363 315001
6.06363 315361
6.06363 315721
6.07026 316081
6.07026 316441
6.07688 316801
6.07688 317161
6.0835 317521
6.0835 317881
6.09013 318241
6.09013 318601
6.09675 318961
6.09675 319321
6.10338 319681
6.10338 320041
6.11 320401
6.11 320761
6.11662 321121
6.11662 321481
6.12325 321841
6.12325 322201
6.12987 322561
6.12987 322921
6.1365 323281
6.1365 323641
6.14312 324001
6.14312 324361
6.14974 324721
6.14974 325081
6.15637 325441
6.15637 325801
6.16299 326161
6.16299 326521
6.16962 326881
6.16962 327241
6.17624 327601
6.17624 327961
6.18286 328321
6.18286 328681
6.18949 329041
6.18949 329401
6.19611 329761
6.19611 330121
6.20274 330481
6.20274 330841
6.20936 331201
6.20936 331561
6.21598 331921
6.21598 332281
6.22261 332641
6.22261 333001
6.22923 333361
6.22923 333721
6.23586 334081
6.23586 334441
6.24248 334801
6.24248 335161
6.2491 335521
6.2491 335881
6.25573 336241
6.25573 336601
6.26235 336961
6.26235 337321
6.26898 337681
6.26898 338041
6.2756 338401
6.2756 338761
6.28222 339121
6.28222 339481
6.28885 339841
6.28885 340201
6.29547 340561
6.29547 340921
6.3021 341281
6.3021 341641
6.30872 342001
6.30872 342361
6.31534 342721
6.31534 343081
6.32197 343441
6.32197 343801
6.32859 344161
6.32859 344521
6.32859 344881
6.33522 345241
6.33522 345601
6.34184 345961
6.34184 346321
6.34846 346681
6.34846 347041
6.35509 347401
6.35509 347761
6.36171 348121
6.36171 348481
6.36834 348841
6.36834 349201
6.37496 349561
6.37496 349921
6.38158 350281
6.38158 350641
6.38821 351001
6.38821 351361
6.39483 351721
6.39483 352081
6.40146 352441
6.40146 352801
6.40808 353161
6.40808 353521
6.4147 353881
6.4147 354241
6.42133 354601
6.42133 354961
6.42795 355321
6.42795 355681
6.43458 356041
6.43458 356401
6.4412 356761
6.4412 357121
6.44782 357481
6.44782 357841
6.45445 358201
6.45445 358561
6.46107 358921
6.46107 359281
6.4677 359641
6.4677 360001
6.47432 360361
6.47432 360721
6.48094 361081
6.48094 361441
6.48757 361801
6.48757 362161
6.49419 362521
6.49419 362881
6.50082 363241
6.50082 363601
6.50744 363961
6.50744 364321
6.51406 364681
6.51406 365041
6.52069 365401
6.52069 365761
6.52731 366121
6.52731 366481
6.53393 366841
6.53393 367201
6.54056 367561
6.54056 367921
6.54718 368281
6.54718 368641
6.55381 369001
6.55381 369361
6.56043 369721
6.56043 370081
6.56705 370441
6.56705 370801
6.57368 371161
6.57368 371521
6.5803 371881
6.5803 372241
6.58693 372601
6.58693 372961
6.59355 373321
6.59355 373681
6.59355 374041
6.60017 374401
6.60017 374761
6.6068 375121
6.6068 375481
6.61342 375841
6.61342 376201
6.62005 376561
6.62005 376921
6.62667 377281
6.62667 377641
6.63329 378001
6.63329 378361
6.63992 378721
6.63992 379081
6.64654 379441
6.64654 379801
6.65317 380161
6.65317 380521
6.65979 380881
6.65979 381241
6.66641 381601
6.66641 381961
6.67304 382321
6.67304 382681
6.67966 383041
6.67966 383401
6.68629 383761
6.68629 384121
6.69291 384481
6.69291 384841
6.69953 385201
6.69953 385561
6.70616 385921
6.70616 386281
6.71278 386641
6.71278 387001
6.71941 387361
6.71941 387721
6.72603 388081
6.72603 388441
6.73265 388801
6.73265 389161
6.73928 389521
6.73928 389881
6.7459 390241
6.7459 390601
6.75253 390961
6.75253 391321
6.75915 391681
6.75915 392041
6.76577 392401
6.76577 392761
6.7724 393121
6.7724 393481
6.77902 393841
6.77902 394201
6.78565 394561
6.78565 394921
6.79227 395281
6.79227 395641
6.79889 396001
6.79889 396361
6.80552 396721
6.80552 397081
6.81214 397441
6.81214 397801
6.81877 398161
6.81877 398521
6.82539 398881
6.82539 399241
6.83201 399601
6.83201 399961
6.83864 400321
6.83864 400681
6.84526 401041
6.84526 401401
6.85189 401761
6.85189 402121
6.85851 402481
6.85851 402841
6.85851 403201
6.86513 403561
6.86513 403921
6.87176 404281
6.87176 404641
6.87838 405001
6.87838 405361
6.88501 405721
6.88501 406081
6.89163 406441
6.89163 406801
6.89825 407161
6.89825 407521
6.90488 407881
6.90488 408241
6.9115 408601
6.9115 408961
6.91813 409321
6.91813 409681
6.92475 410041
6.92475 410401
6.93137 410761
6.93137 411121
6.938 411481
6.938 411841
6.94462 412201
6.94462 412561
6.95125 412921
6.95125 413281
6.95787 413641
6.95787 414001
6.96449 414361
6.96449 414721
6.97112 415081
6.97112 415441
6.97774 415801
6.97774 416161
6.98437 416521
6.98437 416881
6.99099 417241
6.99099 417601
6.99761 417961
6.99761 418321
7.00424 418681
7.00424 419041
7.01086 419401
7.01086 419761
7.01749 420121
7.01749 420481
7.02411 420841
7.02411 421201
7.03073 421561
7.03073 421921
7.03736 422281
7.03736 422641
7.04398 423001
7.04398 423361
7.05061 423721
7.05061 424081
7.05723 424441
7.05723 424801
7.06385 425161
7.06385 425521
7.07048 425881
7.07048 426241
7.0771 426601
7.0771 426961
7.08373 427321
7.08373 427681
7.09035 428041
7.09035 428401
7.09697 428761
7.09697 429121
7.1036 429481
7.1036 429841
7.11022 430201
7.11022 430561
7.11685 430921
7.11685 431281
7.12347 431641
7.12347 432001
7.12347 432361
7.13009 432721
7.13009 433081
7.13672 433441
7.13672 433801
7.14334 434161
7.14334 434521
7.14997 434881
7.14997 435241
7.15659 435601
7.15659 435961
7.16321 436321
7.16321 436681
7.16984 437041
7.16984 437401
7.17646 437761
7.17646 438121
7.18309 438481
7.18309 438841
7.18971 439201
7.18971 439561
7.19633 439921
7.19633 440281
7.20296 440641
7.20296 441001
7.20958 441361
7.20958 441721
7.21621 442081
7.21621 442441
7.22283 442801
7.22283 443161
7.22945 443521
7.22945 443881
7.23608 444241
7.23608 444601
7.2427 444961
7.2427 445321
7.24933 445681
7.24933 446041
7.25595 446401
7.25595 446761
7.26257 447121
7.26257 447481
7.2692 447841
7.2692 448201
7.27582 448561
7.27582 448921
7.28245 449281
7.28245 449641
7.28907 450001
7.28907 450361
7.29569 450721
7.29569 451081
7.30232 451441
7.30232 451801
7.30894 452161
7.30894 452521
7.31557 452881
7.31557 453241
7.32219 453601
7.32219 453961
7.32881 454321
7.32881 454681
7.33544 455041
7.33544 455401
7.34206 455761
7.34206 456121
7.34869 456481
7.34869 456841
7.35531 457201
7.35531 457561
7.36193 457921
7.36193 458281
7.36856 458641
7.36856 459001
7.37518 459361
7.37518 459721
7.38181 460081
7.38181 460441
7.38843 460801
7.38843 461161
7.39505 461521
7.39505 461881
7.40168 462241
7.40168 462601
7.4083 462961
7.4083 463321
7.41493 463681
7.41493 464041
7.42155 464401
7.42155 464761
7.42155 465121
7.42817 465481
7.42817 465841
7.4348 466201
7.4348 466561
7.44142 466921
7.44142 467281
7.44805 467641
7.44805 468001
7.45467 468361
7.45467 468721
7.46129 469081
7.46129 469441
7.46792 469801
7.46792 470161
7.47454 470521
7.47454 470881
7.48117 471241
7.48117 471601
7.48779 471961
7.48779 472321
7.49441 472681
7.49441 473041
7.50104 473401
7.50104 473761
7.50766 474121
7.50766 474481
7.51429 474841
7.51429 475201
7.52091 475561
7.52091 475921
7.52753 476281
7.52753 476641
7.53416 477001
7.53416 477361
7.54078 477721
7.54078 478081
7.54741 478441
7.54741 478801
7.55403 479161
7.55403 479521
7.56065 479881
7.56065 480241
7.56728 480601
7.56728 480961
7.5739 481321
7.5739 481681
7.58053 482041
7.58053 482401
7.58715 482761
7.58715 483121
7.59377 483481
7.59377 483841
7.6004 484201
7.6004 484561
7.60702 484921
7.60702 485281
7.61365 485641
7.61365 486001
7.62027 486361
7.62027 486721
7.62689 487081
7.62689 487441
7.63352 487801
7.63352 488161
7.64014 488521
7.64014 488881
7.64677 489241
7.64677 489601
7.65339 489961
7.65339 490321
7.66001 490681
7.66001 491041
7.66664 491401
7.66664 491761
7.67326 492121
7.67326 492481
7.67989 492841
7.67989 493201
7.68651 493561
7.68651 493921
7.69313 494281
7.69313 494641
7.69976 495001
7.69976 495361
7.70638 495721
7.70638 496081
7.71301 496441
7.71301 496801
7.71963 497161
7.71963 497521
7.71963 497881
7.72625 498241
7.72625 498601
7.73288 498961
7.73288 499321
7.7395 499681
7.7395 500041
7.74613 500401
7.74613 500761
7.75275 501121
7.75275 501481
7.75937 501841
7.75937 502201
7.766 502561
7.766 502921
7.77262 503281
7.77262 503641
7.77925 504001
7.77925 504361
7.78587 504721
7.78587 505081
7.79249 505441
7.79249 505801
7.79912 506161
7.79912 506521
7.80574 506881
7.80574 507241
7.81237 507601
7.81237 507961
7.81899 508321
7.81899 508681
7.82561 509041
7.82561 509401
7.83224 509761
7.83224 510121
7.83886 510481
7.83886 510841
7.84549 511201
7.84549 511561
7.85211 511921
7.85211 512281
7.85873 512641
7.85873 513001
7.86536 513361
7.86536 513721
7.87198 514081
7.87198 514441
7.87861 514801
7.87861 515161
7.88523 515521
7.88523 515881
7.89185 516241
7.89185 516601
7.89848 516961
7.89848 517321
7.9051 517681
7.9051 518041
7.91173 518401
7.91173 518761
7.91835 519121
7.91835 519481
7.92497 519841
7.92497 520201
7.9316 520561
7.9316 520921
7.93822 521281
7.93822 521641
7.94485 522001
7.94485 522361
7.95147 522721
7.95147 523081
7.95809 523441
7.95809 523801
7.96472 524161
7.96472 524521
7.97134 524881
7.97134 525241
7.97797 525601
7.97797 525961
7.98459 526321
7.98459 526681
7.99121 527041
7.99121 527401
7.99784 527761
7.99784 528121
8.00446 528481
8.00446 528841
8.01109 529201
8.01109 529561
8.01771 529921
8.01771 530281
8.01771 530641
8.02433 531001
8.02433 531361
8.03096 531721
8.03096 532081
8.03758 532441
8.03758 532801
8.04421 533161
8.04421 533521
8.05083 533881
8.05083 534241
8.05745 534601
8.05745 534961
8.06408 535321
8.06408 535681
8.0707 536041
8.0707 536401
8.07733 536761
8.07733 537121
8.08395 537481
8.08395 537841
8.09057 538201
8.09057 538561
8.0972 538921
8.0972 539281
8.10382 539641
8.10382 540001
8.11045 540361
8.11045 540721
8.11707 541081
8.11707 541441
8.12369 541801
8.12369 542161
8.13032 542521
8.13032 542881
8.13694 543241
8.13694 543601
8.14357 543961
8.14357 544321
8.15019 544681
8.15019 545041
8.15681 545401
8.15681 545761
8.16344 546121
8.16344 546481
8.17006 546841
8.17006 547201
8.17669 547561
8.17669 547921
8.18331 548281
8.18331 548641
8.18993 549001
8.18993 549361
8.19656 549721
8.19656 550081
8.20318 550441
8.20318 550801
8.20981 551161
8.20981 551521
8.21643 551881
8.21643 552241
8.22305 552601
8.22305 552961
8.22968 553321
8.22968 553681
8.2363 554041
8.2363 554401
8.24293 554761
8.24293 555121
8.24955 555481
8.24955 555841
8.25617 556201
8.25617 556561
8.2628 556921
8.2628 557281
8.26942 557641
8.26942 558001
8.27605 558361
8.27605 558721
8.28267 559081
8.28267 559441
8.28929 559801
8.28929 560161
8.29592 560521
8.29592 560881
8.30254 561241
8.30254 561601
8.30917 561961
8.30917 562321
8.31579 562681
8.31579 563041
8.31579 563401
8.32241 563761
8.32241 564121
8.32904 564481
8.32904 564841
8.33566 565201
8.33566 565561
8.34229 565921
8.34229 566281
8.34891 566641
8.34891 567001
8.35553 567361
8.35553 567721
8.36216 568081
8.36216 568441
8.36878 568801
8.36878 569161
8.37541 569521
8.37541 569881
8.38203 570241
8.38203 570601
8.38865 570961
8.38865 571321
8.39528 571681
8.39528 572041
8.4019 572401
8.4019 572761
8.40853 573121
8.40853 573481
8.41515 573841
8.41515 574201
8.42177 574561
8.42177 574921
8.4284 575281
8.4284 575641
8.43502 576001
8.43502 576361
8.44165 576721
8.44165 577081
8.44827 577441
8.44827 577801
8.45489 578161
8.45489 578521
8.46152 578881
8.46152 579241
8.46814 579601
8.46814 579961
8.47477 580321
8.47477 580681
8.48139 581041
8.48139 581401
8.48801 581761
8.48801 582121
8.49464 582481
8.49464 582841
8.50126 583201
8.50126 583561
8.50789 583921
8.50789 584281
8.51451 584641
8.51451 585001
8.52113 585361
8.52113 585721
8.52776 586081
8.52776 586441
8.53438 586801
8.53438 587161
8.54101 587521
8.54101 587881
8.54763 588241
8.54763 588601
8.55425 588961
8.55425 589321
8.56088 589681
8.56088 590041
8.5675 590401
8.5675 590761
8.57413 591121
8.57413 591481
8.58075 591841
8.58075 592201
8.58737 592561
8.58737 592921
8.594 593281
8.594 593641
8.60062 594001
8.60062 594361
8.60725 594721
8.60725 595081
8.61387 595441
8.61387 595801
8.61387 596161
8.62049 596521
8.62049 596881
8.62712 597241
8.62712 597601
8.63374 597961
8.63374 598321
8.64037 598681
8.64037 599041
8.64699 599401
8.64699 599761
8.65361 600121
8.65361 600481
8.66024 600841
8.66024 601201
8.66686 601561
8.66686 601921
8.67349 602281
8.67349 602641
8.68011 603001
8.68011 603361
8.68673 603721
8.68673 604081
8.69336 604441
8.69336 604801
8.69998 605161
8.69998 605521
8.70661 605881
8.70661 606241
8.71323 606601
8.71323 606961
8.71985 607321
8.71985 607681
8.72648 608041
8.72648 608401
8.7331 608761
8.7331 609121
8.73973 609481
8.73973 609841
8.74635 610201
8.74635 610561
8.75297 610921
8.75297 611281
8.7596 611641
8.7596 612001
8.76622 612361
8.76622 612721
8.77285 613081
8.77285 613441
8.77947 613801
8.77947 614161
8.78609 614521
8.78609 614881
8.79272 615241
8.79272 615601
8.79934 615961
8.79934 616321
8.80597 616681
8.80597 617041
8.81259 617401
8.81259 617761
8.81921 618121
8.81921 618481
8.82584 618841
8.82584 619201
8.83246 619561
8.83246 619921
8.83909 620281
8.83909 620641
8.84571 621001
8.84571 621361
8.85233 621721
8.85233 622081
8.85896 622441
8.85896 622801
8.86558 623161
8.86558 623521
8.87221 623881
8.87221 624241
8.87883 624601
8.87883 624961
8.88545 625321
8.88545 625681
8.89208 626041
8.89208 626401
8.8987 626761
8.8987 627121
8.90533 627481
8.90533 627841
8.91195 628201
8.91195 628561
8.91857 628921
8.91857 629281
8.9252 629641
8.9252 630001
8.93182 630361
8.93182 630721
8.93845 631081
8.93845 631441
8.94507 631801
8.94507 632161
8.95169 632521
8.95169 632881
8.95832 633241
8.95832 633601
8.95832 633961
8.96494 634321
8.96494 634681
8.97157 635041
8.97157 635401
8.97819 635761
8.97819 636121
8.98481 636481
8.98481 636841
8.99144 637201
8.99144 637561
8.99806 637921
8.99806 638281
9.00469 638641
9.00469 639001
9.01131 639361
9.01131 639721
9.01793 640081
9.01793 640441
9.02456 640801
9.02456 641161
9.03118 641521
9.03118 641881
9.03781 642241
9.03781 642601
9.04443 642961
9.04443 643321
9.05105 643681
9.05105 644041
9.05768 644401
9.05768 644761
9.0643 645121
9.0643 645481
9.07093 645841
9.07093 646201
9.07755 646561
9.07755 646921
9.08417 647281
9.08417 647641
9.0908 648001
9.0908 648361
9.09742 648721
9.09742 649081
9.10405 649441
9.10405 649801
9.11067 650161
9.11067 650521
9.11729 650881
9.11729 651241
9.12392 651601
9.12392 651961
9.13054 652321
9.13054 652681
9.13717 653041
9.13717 653401
9.14379 653761
9.14379 654121
9.15041 654481
9.15041 654841
9.15704 655201
9.15704 655561
9.16366 655921
9.16366 656281
9.17029 656641
9.17029 657001
9.17691 657361
9.17691 657721
9.18353 658081
9.18353 658441
9.19016 658801
9.19016 659161
9.19678 659521
9.19678 659881
9.20341 660241
9.20341 660601
9.21003 660961
9.21003 661321
9.21665 661681
9.21665 662041
9.22328 662401
9.22328 662761
9.2299 663121
9.2299 663481
9.23653 663841
9.23653 664201
9.24315 664561
9.24315 664921
9.24977 665281
9.24977 665641
9.2564 666001
9.2564 666361
9.26302 666721
9.26302 667081
9.26965 667441
9.26965 667801
9.27627 668161
9.27627 668521
9.28289 668881
9.28289 669241
9.28952 669601
9.28952 669961
9.29614 670321
9.29614 670681
9.29614 671041
9.30277 671401
9.30277 671761
9.30939 672121
9.30939 672481
9.31601 672841
9.31601 673201
9.32264 673561
9.32264 673921
9.32926 674281
9.32926 674641
9.33589 675001
9.33589 675361
9.34251 675721
9.34251 676081
9.34913 676441
9.34913 676801
9.35576 677161
9.35576 677521
9.36238 677881
9.36238 678241
9.36901 678601
9.36901 678961
9.37563 679321
9.37563 679681
9.38225 680041
9.38225 680401
9.38888 680761
9.38888 681121
9.3955 681481
9.3955 681841
9.40213 682201
9.40213 682561
9.40875 682921
9.40875 683281
9.41537 683641
9.41537 684001
9.422 684361
9.422 684721
9.42862 685081
9.42862 685441
9.43525 685801
9.43525 686161
9.44187 686521
9.44187 686881
9.44849 687241
9.44849 687601
9.45512 687961
9.45512 688321
9.46174 688681
9.46174 689041
9.46837 689401
9.46837 689761
9.47499 690121
9.47499 690481
9.48161 690841
9.48161 691201
9.48824 691561
9.48824 691921
9.49486 692281
9.49486 692641
9.50149 693001
9.50149 693361
9.50811 693721
9.50811 694081
9.51473 694441
9.51473 694801
9.52136 695161
9.52136 695521
9.52798 695881
9.52798 696241
9.53461 696601
9.53461 696961
9.54123 697321
9.54123 697681
9.54785 698041
9.54785 698401
9.55448 698761
9.55448 699121
9.5611 699481
9.5611 699841
9.56773 700201
9.56773 700561
9.57435 700921
9.57435 701281
9.58097 701641
9.58097 702001
9.5876 702361
9.5876 702721
9.59422 703081
9.59422 703441
9.60085 703801
9.60085 704161
9.60747 704521
9.60747 704881
9.61409 705241
9.61409 705601
9.62072 705961
9.62072 706321
9.62734 706681
9.62734 707041
9.63397 707401
9.63397 707761
9.64059 708121
9.64059 708481
9.64059 708841
9.64721 709201
9.64721 709561
9.65384 709921
9.65384 710281
9.66046 710641
9.66046 711001
9.66709 711361
9.66709 711721
9.67371 712081
9.67371 712441
9.68033 712801
9.68033 713161
9.68696 713521
9.68696 713881
9.69358 714241
9.69358 714601
9.70021 714961
9.70021 715321
9.70683 715681
9.70683 716041
9.71345 716401
9.71345 716761
9.72008 717121
9.72008 717481
9.7267 717841
9.7267 718201
9.73333 718561
9.73333 718921
9.73995 719281
9.73995 719641
9.74657 720001
9.74657 720361
9.7532 720721
9.7532 721081
9.75982 721441
9.75982 721801
9.76645 722161
9.76645 722521
9.77307 722881
9.77307 723241
9.77969 723601
9.77969 723961
9.78632 724321
9.78632 724681
9.79294 725041
9.79294 725401
9.79957 725761
9.79957 726121
9.80619 726481
9.80619 726841
9.81281 727201
9.81281 727561
9.81944 727921
9.81944 728281
9.82606 728641
9.82606 729001
9.83269 729361
9.83269 729721
9.83931 730081
9.83931 730441
9.84593 730801
9.84593 731161
9.85256 731521
9.85256 731881
9.85918 732241
9.85918 732601
9.86581 732961
9.86581 733321
9.87243 733681
9.87243 734041
9.87905 734401
9.87905 734761
9.88568 735121
9.88568 735481
9.8923 735841
9.8923 736201
9.89893 736561
9.89893 736921
9.90555 737281
9.90555 737641
9.91217 738001
9.91217 738361
9.9188 738721
9.9188 739081
9.92542 739441
9.92542 739801
9.93205 740161
9.93205 740521
9.93867 740881
9.93867 741241
9.94529 741601
9.94529 741961
9.95192 742321
9.95192 742681
9.95854 743041
9.95854 743401
9.96517 743761
9.96517 744121
9.97179 744481
9.97179 744841
9.97841 745201
9.97841 745561
9.97841 745921
9.98504 746281
9.98504 746641
9.99166 747001
9.99166 747361
9.99829 747721
9.99829 748081
10.0049 748441
10.0049 748801
