0.0 0
0.316982 0.109
0.426304 0.109125
0.532314 0.108734
0.538938 0.109143
0.641637 0.109125
0.648261 0.109234
0.654885 0.11008
0.750959 0.109945
0.757583 0.109827
0.764207 0.110598
0.770831 0.111274
0.85697 0.110614
0.863594 0.110913
0.870218 0.111174
0.876842 0.111277
0.883466 0.112242
0.89009 0.113212
0.96298 0.11231
0.969604 0.112397
0.976228 0.112472
0.982852 0.112413
0.989476 0.113236
0.9961 0.114082
1.00272 0.114697
1.00935 0.11611
1.01597 0.117221
1.06899 0.115818
1.07561 0.115466
1.08224 0.115158
1.08886 0.114763
1.09549 0.115293
1.10211 0.115881
1.10873 0.116271
1.11536 0.117487
1.12198 0.118426
1.12861 0.119373
1.13523 0.121076
1.14185 0.122442
1.14848 0.123762
1.1551 0.125791
1.17831 0.123817
1.18494 0.121965
1.19156 0.12122
1.19818 0.120567
1.20481 0.119996
1.21143 0.120372
1.21806 0.1207
1.22468 0.120863
1.2313 0.12188
1.23793 0.12277
1.24455 0.123549
1.25118 0.125105
1.2578 0.126467
1.26442 0.127659
1.27105 0.129576
1.27767 0.131129
1.2843 0.132613
1.29092 0.134661
1.29754 0.136454
1.30417 0.138022
1.31079 0.140144
1.31742 0.140001
1.32404 0.140001
1.33066 0.140751
1.33729 0.141407
1.34391 0.141856
1.35054 0.143124
1.35716 0.144359
1.36378 0.145314
1.37041 0.147025
1.37703 0.148522
1.38366 0.149831
1.39028 0.151852
1.3969 0.153496
1.40353 0.155059
1.41015 0.157302
1.41678 0.159139
1.4234 0.160746
1.43002 0.163028
1.43665 0.165025
1.44327 0.166772
1.4499 0.16905
1.45652 0.171044
1.46314 0.172913
1.46977 0.175299
1.47639 0.177387
1.48302 0.179338
1.48964 0.181796
1.49626 0.183947
1.50289 0.185703
1.50951 0.188115
1.51614 0.190351
1.52276 0.192182
1.52938 0.194659
1.53601 0.196827
1.54263 0.198724
1.54926 0.201258
1.55588 0.203351
1.5625 0.205307
1.56913 0.207894
1.57575 0.210032
1.58238 0.211903
1.589 0.214415
1.59562 0.216613
1.60225 0.218537
1.60887 0.220969
1.6155 0.223098
1.62212 0.225086
1.62874 0.227575
1.63537 0.229753
1.64199 0.231659
1.64862 0.234202
1.65524 0.236427
1.66186 0.238248
1.66849 0.240717
1.67511 0.243003
1.68174 0.244877
1.68836 0.247393
1.69498 0.249469
1.70161 0.25141
1.70823 0.253984
1.71486 0.256111
1.72148 0.258097
1.7281 0.26071
1.73473 0.262871
1.74135 0.264762
1.74798 0.267167
1.7546 0.269396
1.76122 0.271347
1.76785 0.273803
1.77447 0.275953
1.7811 0.277959
1.78772 0.280464
1.79434 0.282656
1.80097 0.284574
1.80759 0.287127
1.81422 0.289361
1.82084 0.291191
1.82746 0.293667
1.83409 0.295959
1.84071 0.297839
1.84734 0.300359
1.85396 0.302439
1.86058 0.304384
1.86721 0.306961
1.87383 0.309091
1.88046 0.31108
1.88708 0.313695
1.8937 0.315858
1.90033 0.317751
1.90695 0.320157
1.91358 0.322387
1.9202 0.324339
1.92682 0.326796
1.93345 0.328947
1.94007 0.330954
1.9467 0.333459
1.95332 0.335652
1.95994 0.33757
1.96657 0.340124
1.97319 0.342359
1.97982 0.344189
1.98644 0.346665
1.99306 0.348957
1.99969 0.350837
2.00631 0.353358
2.01294 0.355563
2.01956 0.357493
2.02618 0.360056
2.03281 0.362174
2.03943 0.364152
2.04606 0.366758
2.05268 0.368913
2.0593 0.370799
2.06593 0.373199
2.07255 0.375424
2.07918 0.377371
2.0858 0.379825
2.09242 0.382097
2.09905 0.384085
2.10567 0.386574
2.1123 0.388752
2.11892 0.390658
2.12554 0.393201
2.13217 0.395426
2.13879 0.397248
2.14542 0.399717
2.15204 0.402002
2.15866 0.403877
2.16529 0.406392
2.17191 0.408593
2.17854 0.410519
2.18516 0.413079
2.19178 0.415194
2.19841 0.41717
2.20503 0.419774
2.21166 0.421927
4.20208 0.383686
4.30477 0.349725
4.31471 0.32001
4.41079 0.293258
4.42072 0.271101
4.43066 0.251714
4.52011 0.233999
4.53004 0.218499
4.53998 0.206062
4.54992 0.195179
4.62943 0.184407
4.63937 0.174981
4.6493 0.167983
4.65924 0.161985
4.66917 0.156737
4.73544 0.150395
4.74538 0.146096
4.75531 0.142334
4.76525 0.139042
4.77518 0.136162
4.78512 0.134892
4.79506 0.13378
4.84476 0.130683
4.8547 0.127972
4.86463 0.126851
4.87457 0.125869
4.88451 0.125011
4.89444 0.124259
4.90438 0.124852
4.91431 0.12537
4.92425 0.125824
4.95077 0.123346
4.96071 0.122428
4.97065 0.121624
4.98058 0.120921
4.99052 0.120306
5.00045 0.121018
5.01039 0.121641
5.02033 0.122186
5.03026 0.122662
5.0402 0.12433
5.05013 0.125788
5.06007 0.127065
5.07001 0.126182
5.07994 0.126534
5.08988 0.126842
5.09981 0.127112
5.10975 0.127348
5.11968 0.128804
5.12962 0.130079
5.13956 0.131194
5.14949 0.13217
5.15943 0.134274
5.16936 0.136114
5.1793 0.137725
5.18924 0.139134
5.19917 0.141618
5.20911 0.14379
5.21904 0.145692
5.22898 0.14723
5.23892 0.149826
5.35815 0.155973
5.36477 0.160851
5.3714 0.165995
5.37802 0.170121
5.38464 0.174481
5.39127 0.17792
5.39789 0.18168
5.40452 0.184595
5.41114 0.188021
5.41776 0.190518
5.42439 0.193579
5.43101 0.195881
5.43764 0.198646
5.44426 0.200815
5.45088 0.203463
5.45751 0.205405
5.46413 0.20798
5.47076 0.210982
5.47738 0.214485
5.484 0.218424
5.49063 0.222621
5.49725 0.227168
5.50388 0.231897
5.5105 0.23691
5.51712 0.242171
5.52375 0.247525
5.53037 0.253084
5.537 0.258699
5.54362 0.264486
5.55024 0.270426
5.55687 0.276372
5.56349 0.282451
5.57343 0.26077
5.58005 0.241923
5.58668 0.225308
5.5933 0.210769
5.59992 0.198048
5.60655 0.186917
5.61317 0.177303
5.6198 0.168765
5.62642 0.161294
5.63304 0.154882
5.63967 0.149147
5.64629 0.144254
5.65292 0.139847
5.65954 0.135991
5.66616 0.132742
5.67279 0.129774
5.67944 0.126803
5.68606 0.124202
5.69269 0.121927
5.69931 0.120811
5.70594 0.11971
5.71256 0.118871
5.71918 0.118137
5.72581 0.11737
5.73243 0.116824
5.73906 0.116346
5.74568 0.115803
5.7523 0.115452
5.75893 0.115021
5.76555 0.114768
5.77218 0.114547
5.7788 0.114229
5.78542 0.114075
5.79205 0.113941
5.79867 0.113698
5.8053 0.113611
5.81192 0.11341
5.81854 0.113358
5.82517 0.113314
5.83179 0.113149
5.83842 0.113131
5.84504 0.113114
5.85166 0.112975
5.85829 0.112978
5.86491 0.112856
5.87154 0.112874
5.87816 0.11289
5.88478 0.112778
5.89141 0.112806
5.89803 0.11283
5.90466 0.112727
5.91128 0.112761
5.9179 0.112666
5.92453 0.112707
5.93115 0.112744
5.93778 0.112651
5.9444 0.112695
5.95102 0.112733
5.95765 0.112641
5.96427 0.112686
5.9709 0.1126
5.97752 0.11265
5.98414 0.112694
5.99077 0.112607
5.99739 0.112656
6.00402 0.112699
6.01064 0.112612
6.01726 0.11266
6.02389 0.112578
6.03051 0.112631
6.03714 0.112677
6.04376 0.112592
6.05038 0.112643
6.05701 0.112688
6.06363 0.112602
6.07026 0.112652
6.07688 0.11257
6.0835 0.112624
6.09013 0.112671
6.09675 0.112587
6.10338 0.112639
6.11 0.112559
6.11662 0.112489
6.12325 0.112553
6.12987 0.112484
6.1365 0.112548
6.14312 0.112605
6.14974 0.112529
6.15637 0.112588
6.16299 0.112514
6.16962 0.11245
6.17624 0.112519
6.18286 0.113329
6.18949 0.114038
6.19611 0.114783
6.20274 0.11531
6.20936 0.115771
6.21598 0.116175
6.22261 0.116528
6.22923 0.116962
6.23586 0.117217
6.24248 0.11744
6.2491 0.11776
6.25573 0.117915
6.26235 0.11805
6.26898 0.118169
6.2756 0.118273
6.28222 0.118489
6.28885 0.118553
6.29547 0.118609
6.3021 0.118783
6.30872 0.11881
6.31534 0.118834
6.32197 0.118854
6.32859 0.118873
6.33522 0.119013
6.34184 0.119012
6.34846 0.11901
6.35509 0.119134
6.36171 0.119117
6.36834 0.119103
6.37496 0.11909
6.38158 0.119079
6.38821 0.119194
6.39483 0.11917
6.40146 0.119148
6.40808 0.119255
6.4147 0.119223
6.42133 0.119195
6.42795 0.119171
6.43458 0.119149
6.4412 0.119256
6.44782 0.119224
6.45445 0.119196
6.46107 0.119296
6.4677 0.119259
6.47432 0.119227
6.48094 0.119198
6.48757 0.119174
6.49419 0.119277
6.50082 0.119242
6.50744 0.119212
6.51406 0.119311
6.52069 0.119272
6.52731 0.119238
6.53393 0.119208
6.54056 0.119182
6.54718 0.119284
6.55381 0.119249
6.56043 0.119218
6.56705 0.119315
6.57368 0.119276
6.5803 0.119242
6.58693 0.119211
6.59355 0.119185
6.60017 0.119287
6.6068 0.119251
6.61342 0.11922
6.62005 0.119317
6.62667 0.119277
6.63329 0.119243
6.63992 0.119212
6.64654 0.119186
6.65317 0.119288
6.65979 0.119252
6.66641 0.11922
6.67304 0.119318
6.67966 0.119278
6.68629 0.119243
6.69291 0.119213
6.69953 0.119186
6.70616 0.119288
6.71278 0.119252
6.71941 0.120095
6.72603 0.120834
6.73265 0.121479
6.73928 0.122044
6.7459 0.122414
6.75253 0.122862
6.75915 0.123254
6.76577 0.123598
6.7724 0.123898
6.77902 0.124161
6.78565 0.124391
6.79227 0.124592
6.79889 0.124643
6.80552 0.124812
6.81214 0.124961
6.81877 0.125091
6.82539 0.125204
6.83201 0.125304
6.83864 0.125391
6.84526 0.125467
6.85189 0.125409
6.85851 0.125483
6.86513 0.125547
6.87176 0.125604
6.87838 0.125653
6.88501 0.125697
6.89163 0.125735
6.89825 0.125768
6.90488 0.125672
6.9115 0.125713
6.91813 0.125749
6.92475 0.12578
6.93137 0.125808
6.938 0.125707
6.94462 0.125743
6.95125 0.125775
6.95787 0.125678
6.96449 0.125719
6.97112 0.125754
6.97774 0.125785
6.98437 0.125812
6.99099 0.12571
6.99761 0.125746
7.00424 0.125778
7.01086 0.125681
7.01749 0.125721
7.02411 0.125756
7.03073 0.125786
7.03736 0.125813
7.04398 0.125711
7.05061 0.125747
7.05723 0.125779
7.06385 0.125807
7.07048 0.125831
7.0771 0.125852
7.08373 0.12587
7.09035 0.125887
7.09697 0.125776
7.1036 0.125804
7.11022 0.125828
7.11685 0.12585
7.12347 0.125869
7.13009 0.125885
7.13672 0.125899
7.14334 0.125912
7.14997 0.125798
7.15659 0.125823
7.16321 0.125845
7.16984 0.125865
7.17646 0.125882
7.18309 0.125896
7.18971 0.125909
7.19633 0.125921
7.20296 0.125806
7.20958 0.12583
7.21621 0.125851
7.22283 0.12587
7.22945 0.125886
7.23608 0.1259
7.2427 0.125913
7.24933 0.125924
7.25595 0.126683
7.26257 0.127348
7.2692 0.128054
7.27582 0.128548
7.28245 0.129104
7.28907 0.129591
7.29569 0.129892
7.30232 0.130281
7.30894 0.130496
7.31557 0.130684
7.32219 0.130973
7.32881 0.131102
7.33544 0.131339
7.34206 0.131546
7.34869 0.131603
7.35531 0.131778
7.36193 0.131806
7.36856 0.13183
7.37518 0.131976
7.38181 0.131979
7.38843 0.132107
7.39505 0.132218
7.40168 0.132191
7.4083 0.132292
7.41493 0.132256
7.42155 0.132224
7.42817 0.132321
7.4348 0.132281
7.44142 0.132371
7.44805 0.132449
7.45467 0.132393
7.46129 0.132469
7.46792 0.13241
7.47454 0.132359
7.48117 0.132439
7.48779 0.132384
7.49441 0.132461
7.50104 0.132529
7.50766 0.132463
7.51429 0.13253
7.52091 0.132463
7.52753 0.132406
7.53416 0.13248
7.54078 0.13242
7.54741 0.132492
7.55403 0.132556
7.56065 0.132486
7.56728 0.132551
7.5739 0.132482
7.58053 0.132422
7.58715 0.132494
7.59377 0.132432
7.6004 0.132503
7.60702 0.132565
7.61365 0.132495
7.62027 0.132558
7.62689 0.132488
7.63352 0.132427
7.64014 0.132499
7.64677 0.132436
7.65339 0.132507
7.66001 0.132568
7.66664 0.132497
7.67326 0.13256
7.67989 0.13249
7.68651 0.132429
7.69313 0.1325
7.69976 0.132438
7.70638 0.132508
7.71301 0.13257
7.71963 0.132498
7.72625 0.132561
7.73288 0.132491
7.7395 0.13243
7.74613 0.132501
7.75275 0.132438
7.75937 0.132508
7.766 0.132445
7.77262 0.132389
7.77925 0.132466
7.78587 0.132407
7.79249 0.132356
7.79912 0.132437
7.80574 0.132382
7.81237 0.13246
7.81899 0.132402
7.82561 0.132352
7.83224 0.132433
7.83886 0.132379
7.84549 0.132331
7.85211 0.132415
7.85873 0.133238
7.86536 0.133958
7.87198 0.134589
7.87861 0.13514
7.88523 0.135622
7.89185 0.136045
7.89848 0.136414
7.9051 0.136862
7.91173 0.13713
7.91835 0.137363
7.92497 0.137568
7.9316 0.137747
7.93822 0.137904
7.94485 0.138041
7.95147 0.138161
7.95809 0.13839
7.96472 0.138467
7.97134 0.138533
7.97797 0.138592
7.98459 0.138643
7.99121 0.138687
7.99784 0.138726
8.00446 0.138761
8.01109 0.138916
8.01771 0.138926
8.02433 0.138935
8.03096 0.138943
8.03758 0.138951
8.04421 0.138957
8.05083 0.138962
8.05745 0.138967
8.06408 0.139096
8.0707 0.139084
8.07733 0.139073
8.08395 0.139064
8.09057 0.139056
8.0972 0.139049
8.10382 0.139043
8.11045 0.139038
8.11707 0.139158
8.12369 0.139138
8.13032 0.139121
8.13694 0.139106
8.14357 0.139093
8.15019 0.139081
8.15681 0.139071
8.16344 0.139062
8.17006 0.139179
8.17669 0.139157
8.18331 0.139137
8.18993 0.13912
8.19656 0.139105
8.20318 0.139092
8.20981 0.13908
8.21643 0.13907
8.22305 0.139187
8.22968 0.139163
8.2363 0.139143
8.24293 0.139125
8.24955 0.139109
8.25617 0.139096
8.2628 0.139084
8.26942 0.139073
8.27605 0.139189
8.28267 0.139165
8.28929 0.139145
8.29592 0.139127
8.30254 0.139111
8.30917 0.139097
8.31579 0.139085
8.32241 0.139074
8.32904 0.13919
8.33566 0.139166
8.34229 0.139145
8.34891 0.139127
8.35553 0.139111
8.36216 0.139097
8.36878 0.139085
8.37541 0.139075
8.38203 0.13919
8.38865 0.139166
8.39528 0.139146
8.4019 0.139127
8.40853 0.139112
8.41515 0.139098
8.42177 0.139085
8.4284 0.139075
8.43502 0.13919
8.44165 0.139167
8.44827 0.139146
8.45489 0.139128
8.46152 0.139987
8.46814 0.140738
8.47477 0.141271
8.48139 0.141862
8.48801 0.142379
8.49464 0.142832
8.50126 0.143228
8.50789 0.143449
8.51451 0.143768
8.52113 0.144047
8.52776 0.144166
8.53438 0.144396
8.54101 0.144596
8.54763 0.144772
8.55425 0.144925
8.56088 0.144934
8.5675 0.145068
8.57413 0.145184
8.58075 0.145161
8.58737 0.145266
8.594 0.145233
8.60062 0.145329
8.60725 0.145413
8.61387 0.145361
8.62049 0.145441
8.62712 0.145511
8.63374 0.145447
8.64037 0.145516
8.64699 0.145452
8.65361 0.14552
8.66024 0.14558
8.66686 0.145508
8.67349 0.145569
8.68011 0.145623
8.68673 0.145545
8.69336 0.145602
8.69998 0.145527
8.70661 0.145586
8.71323 0.145638
8.71985 0.145558
8.72648 0.145613
8.7331 0.145662
8.73973 0.145704
8.74635 0.145741
8.75297 0.145648
8.7596 0.145692
8.76622 0.145731
8.77285 0.145639
8.77947 0.145684
8.78609 0.145724
8.79272 0.145758
8.79934 0.145789
8.80597 0.14569
8.81259 0.145729
8.81921 0.145763
8.82584 0.145667
8.83246 0.145709
8.83909 0.145745
8.84571 0.145777
8.85233 0.145805
8.85896 0.145704
8.86558 0.145741
8.87221 0.145774
8.87883 0.145677
8.88545 0.145717
8.89208 0.145753
8.8987 0.145784
8.90533 0.145811
8.91195 0.145709
8.91857 0.145746
8.9252 0.145777
8.93182 0.14568
8.93845 0.14572
8.94507 0.145755
8.95169 0.145786
8.95832 0.145813
8.96494 0.145711
8.97157 0.145747
8.97819 0.145779
8.98481 0.145681
8.99144 0.145721
8.99806 0.145756
9.00469 0.145787
9.01131 0.145813
9.01793 0.145712
9.02456 0.145748
9.03118 0.145779
9.03781 0.145682
9.04443 0.145722
9.05105 0.145756
9.05768 0.145787
9.0643 0.145813
9.07093 0.145712
9.07755 0.145748
9.08417 0.145779
9.0908 0.145682
9.09742 0.145722
9.10405 0.145756
9.11067 0.146537
9.11729 0.147345
9.12392 0.147927
9.13054 0.148436
9.13717 0.149006
9.14379 0.149381
9.15041 0.149708
9.15704 0.15012
9.16366 0.150355
9.17029 0.150685
9.17691 0.15085
9.18353 0.150993
9.19016 0.151244
9.19678 0.151339
9.20341 0.151421
9.21003 0.151619
9.21665 0.151666
9.22328 0.151833
9.2299 0.151854
9.23653 0.151872
9.24315 0.152013
9.24977 0.152012
9.2564 0.15201
9.26302 0.152134
9.26965 0.152117
9.27627 0.152227
9.28289 0.152199
9.28952 0.152174
9.29614 0.152277
9.30277 0.152243
9.30939 0.152212
9.31601 0.152311
9.32264 0.152272
9.32926 0.152363
9.33589 0.152318
9.34251 0.152278
9.34913 0.152368
9.35576 0.152322
9.36238 0.152282
9.36901 0.152372
9.37563 0.152325
9.38225 0.15241
9.38888 0.152358
9.3955 0.152314
9.40213 0.152399
9.40875 0.152349
9.41537 0.152306
9.422 0.152268
9.42862 0.152234
9.43525 0.15233
9.44187 0.152289
9.44849 0.152253
9.45512 0.152346
9.46174 0.152303
9.46837 0.152265
9.47499 0.152232
9.48161 0.152203
9.48824 0.152302
9.49486 0.152265
9.50149 0.152232
9.50811 0.152328
9.51473 0.152287
9.52136 0.152251
9.52798 0.152219
9.53461 0.152192
9.54123 0.152293
9.54785 0.152256
9.55448 0.152224
9.5611 0.152321
9.56773 0.152281
9.57435 0.152371
9.58097 0.152325
9.5876 0.152284
9.59422 0.152374
9.60085 0.152327
9.60747 0.152286
9.61409 0.152375
9.62072 0.152328
9.62734 0.152412
9.63397 0.152361
9.64059 0.152316
9.64721 0.152401
9.65384 0.152351
9.66046 0.152307
9.66709 0.152394
9.67371 0.152345
9.68033 0.152426
9.68696 0.152373
9.69358 0.152327
9.70021 0.152411
9.70683 0.152359
9.71345 0.152314
9.72008 0.1524
9.7267 0.15235
9.73333 0.152431
9.73995 0.152377
9.74657 0.15233
9.7532 0.152414
9.75982 0.152362
9.76645 0.152317
9.77307 0.152402
9.77969 0.152352
9.78632 0.152433
9.79294 0.152379
9.79957 0.153207
9.80619 0.153931
9.81281 0.154564
9.81944 0.155119
9.82606 0.155604
9.83269 0.156028
9.83931 0.1564
9.84593 0.156725
9.85256 0.157009
9.85918 0.157258
9.86581 0.157476
9.87243 0.157666
9.87905 0.157833
9.88568 0.157979
9.8923 0.158107
9.89893 0.158218
9.90555 0.158316
9.91217 0.158401
9.9188 0.158476
9.92542 0.158542
9.93205 0.158599
9.93867 0.158649
9.94529 0.158693
9.95192 0.158731
9.95854 0.158765
9.96517 0.158794
9.97179 0.15882
9.97841 0.158843
9.98504 0.158862
9.99166 0.158879
9.99829 0.158895
10.0049 0.158908
