0.0 65535
0.101505 262140
0.207659 262140
0.316982 262140
0.426304 262140
0.532314 262140
0.538938 262140
0.641637 262140
0.648261 262140
0.654885 262140
0.750959 262140
0.757583 262140
0.764207 262140
0.770831 262140
0.85697 262140
0.863594 262140
0.870218 262140
0.876842 262140
0.883466 262140
0.89009 262140
0.96298 262140
0.969604 262140
0.976228 262140
0.982852 262140
0.989476 262140
0.9961 262140
1.00272 262140
1.00935 262140
1.01597 262140
1.06899 262140
1.07561 262140
1.08224 262140
1.08886 262140
1.09549 262140
1.10211 262140
1.10873 262140
1.11536 262140
1.12198 262140
1.12861 262140
1.13523 262140
1.14185 262140
1.14848 262140
1.1551 262140
1.17831 262140
1.18494 262140
1.19156 262140
1.19818 262140
1.20481 262140
1.21143 262140
1.21806 262140
1.22468 262140
1.2313 262140
1.23793 262140
1.24455 262140
1.25118 262140
1.2578 262140
1.26442 262140
1.27105 262140
1.27767 262140
1.2843 262140
1.29092 262140
1.29754 262140
1.30417 262140
1.31079 262140
1.31742 262140
1.32404 262140
1.33066 262140
1.33729 262140
1.34391 262140
1.35054 262140
1.35716 262140
1.36378 262140
1.37041 262140
1.37703 262140
1.38366 262140
1.39028 262140
1.3969 262140
1.40353 262140
1.41015 262140
1.41678 262140
1.4234 262140
1.43002 262140
1.43665 262140
1.44327 262140
1.4499 262140
1.45652 262140
1.46314 262140
1.46977 262140
1.47639 262140
1.48302 262140
1.48964 262140
1.49626 262140
1.50289 262140
1.50951 262140
1.51614 262140
1.52276 262140
1.52938 262140
1.53601 262140
1.54263 262140
1.54926 262140
1.55588 262140
1.5625 262140
1.56913 262140
1.57575 262140
1.58238 262140
1.589 262140
1.59562 262140
1.60225 262140
1.60887 262140
1.6155 262140
1.62212 262140
1.62874 262140
1.63537 262140
1.64199 262140
1.64862 262140
1.65524 262140
1.66186 262140
1.66849 262140
1.67511 262140
1.68174 262140
1.68836 262140
1.69498 262140
1.70161 262140
1.70823 262140
1.71486 262140
1.72148 262140
1.7281 262140
1.73473 262140
1.74135 262140
1.74798 262140
1.7546 262140
1.76122 262140
1.76785 262140
1.77447 262140
1.7811 262140
1.78772 262140
1.79434 262140
1.80097 262140
1.80759 262140
1.81422 262140
1.82084 262140
1.82746 262140
1.83409 262140
1.84071 262140
1.84734 262140
1.85396 262140
1.86058 262140
1.86721 262140
1.87383 262140
1.88046 262140
1.88708 262140
1.8937 262140
1.90033 262140
1.90695 262140
1.91358 262140
1.9202 262140
1.92682 262140
1.93345 262140
1.94007 262140
1.9467 262140
1.95332 262140
1.95994 262140
1.96657 262140
1.97319 262140
1.97982 262140
1.98644 262140
1.99306 262140
1.99969 262140
2.00631 262140
2.01294 262140
2.01956 262140
2.02618 262140
2.03281 262140
2.03943 262140
2.04606 262140
2.05268 262140
2.0593 262140
2.06593 262140
2.07255 262140
2.07918 262140
2.0858 262140
2.09242 262140
2.09905 262140
2.10567 262140
2.1123 262140
2.11892 262140
2.12554 262140
2.13217 262140
2.13879 262140
2.14542 262140
2.15204 262140
2.15866 262140
2.16529 262140
2.17191 262140
2.17854 262140
2.18516 262140
2.19178 262140
2.19841 262140
2.20503 262140
2.21166 262140
2.22159 35820
2.22159 35820
2.2249 35820
2.22822 35820
2.23153 35820
2.23484 35820
2.23815 35820
2.24146 35820
2.24478 35820
2.24809 35820
2.2514 35820
2.25471 35820
2.25802 35820
2.26134 35820
2.26465 35820
2.26796 35820
2.27127 35820
2.27458 35820
2.2779 35820
2.28121 35820
2.28452 35820
2.28783 35820
2.29114 35820
2.29446 35820
2.29777 35820
2.30108 35820
2.30439 35820
2.3077 35820
2.31102 35820
2.31433 35820
2.31764 35820
2.32095 35820
2.32426 35820
2.32758 35820
2.33089 35820
2.3342 35820
2.33751 35820
2.34082 35820
2.34414 35820
2.34745 35820
2.35076 35820
2.35407 35820
2.35738 35820
2.3607 35820
2.36401 35820
2.36732 35820
2.37063 35820
2.37394 35820
2.37726 35820
2.38057 35820
2.38388 35820
2.38719 35820
2.3905 35820
2.39382 35820
2.39713 35820
2.40044 35820
2.40375 35820
2.40706 35820
2.41038 35820
2.41369 35820
2.417 35820
2.42031 35820
2.42362 35820
2.42694 35820
2.43025 35820
2.43356 35820
2.43687 35820
2.44018 35820
2.4435 35820
2.44681 35820
2.45012 35820
2.45343 35820
2.45674 35820
2.46006 35820
2.46337 35820
2.46668 35820
2.46999 35820
2.4733 35820
2.47662 35820
2.47993 35820
2.48324 35820
2.48655 35820
2.48986 35820
2.49318 35820
2.49649 35820
2.4998 35820
2.50311 35820
2.50642 35820
2.50974 35820
2.51305 35820
2.51636 35820
2.51967 35820
2.52298 35820
2.5263 35820
2.52961 35820
2.53292 35820
2.53623 35820
2.53954 35820
2.54286 35820
2.54617 35820
2.54948 35820
2.55279 35820
2.5561 35820
2.55942 35820
2.56273 35820
2.56604 35820
2.56935 35820
2.57266 35820
2.57598 35820
2.57929 35820
2.5826 35820
2.58591 35820
2.58922 35820
2.59254 35820
2.59585 35820
2.59916 35820
2.60247 35820
2.60578 35820
2.6091 35820
2.61241 35820
2.61572 35820
2.61903 35820
2.62234 35820
2.62566 35820
2.62897 35820
2.63228 35820
2.63559 35820
2.6389 35820
2.64222 35820
2.64553 35820
2.64884 35820
2.65215 35820
2.65215 35820
2.66209 41040
2.66209 41040
2.6654 41040
2.66871 41040
2.67202 41040
2.67534 41040
2.67865 41040
2.68196 41040
2.68527 41040
2.68858 41040
2.6919 41040
2.69521 41040
2.69852 41040
2.70183 41040
2.70514 41040
2.70846 41040
2.71177 41040
2.71508 41040
2.71839 41040
2.7217 41040
2.72502 41040
2.72833 41040
2.73164 41040
2.73495 41040
2.73826 41040
2.74158 41040
2.74489 41040
2.7482 41040
2.75151 41040
2.75482 41040
2.75814 41040
2.7681 41040
2.7681 41040
3.7681 40500
3.7681 40500
3.87411 40500
3.98012 40500
4.08613 40500
4.19214 40500
4.20208 40500
4.30477 40500
4.31471 40500
4.41079 40500
4.42072 40500
4.43066 40500
4.52011 40500
4.53004 40500
4.53998 40500
4.54992 40500
4.62943 40500
4.63937 40500
4.6493 40500
4.65924 40500
4.66917 40500
4.73544 40500
4.74538 40500
4.75531 40500
4.76525 40500
4.77518 40500
4.78512 40500
4.79506 40500
4.84476 40500
4.8547 40500
4.86463 40500
4.87457 40500
4.88451 40500
4.89444 40500
4.90438 40500
4.91431 40500
4.92425 40500
4.95077 40500
4.96071 40500
4.97065 40500
4.98058 40500
4.99052 40500
5.00045 40500
5.01039 40500
5.02033 40500
5.03026 40500
5.0402 40500
5.05013 40500
5.06007 40500
5.07001 40500
5.07994 40500
5.08988 40500
5.09981 40500
5.10975 40500
5.11968 40500
5.12962 40500
5.13956 40500
5.14949 40500
5.15943 40500
5.16936 40500
5.1793 40500
5.18924 40500
5.19917 40500
5.20911 40500
5.21904 40500
5.22898 40500
5.23892 40500
5.24885 11880
5.24885 11880
5.25216 11880
5.25548 11880
5.25879 11880
5.2621 11880
5.26541 11880
5.26872 11880
5.27204 11880
5.27535 11880
5.27866 11880
5.28197 11880
5.28528 11880
5.2886 11880
5.29191 11880
5.29522 11880
5.29853 11880
5.30184 11880
5.30516 11880
5.30847 11880
5.31178 11880
5.31509 11880
5.3184 11880
5.32172 11880
5.32503 11880
5.32834 11880
5.33165 11880
5.33496 11880
5.33828 11880
5.34159 11880
5.3449 11880
5.35152 11880
5.35152 11880
5.35815 11880
5.36477 11880
5.3714 11880
5.37802 11880
5.38464 11880
5.39127 11880
5.39789 11880
5.40452 11880
5.41114 11880
5.41776 11880
5.42439 11880
5.43101 11880
5.43764 11880
5.44426 11880
5.45088 11880
5.45751 11880
5.46413 11880
5.47076 11880
5.47738 11880
5.484 11880
5.49063 11880
5.49725 11880
5.50388 11880
5.5105 11880
5.51712 11880
5.52375 11880
5.53037 11880
5.537 11880
5.54362 11880
5.55024 11880
5.55687 11880
5.56349 11880
5.57343 11880
5.58005 11880
5.58668 11880
5.5933 11880
5.59992 11880
5.60655 11880
5.61317 11880
5.6198 11880
5.62642 11880
5.63304 11880
5.63967 11880
5.64629 11880
5.65292 11880
5.65954 11880
5.66616 11880
5.67279 11880
5.67944 11880
5.68606 11880
5.69269 11880
5.69931 11880
5.70594 11880
5.71256 11880
5.71918 11880
5.72581 11880
5.73243 11880
5.73906 11880
5.74568 11880
5.7523 11880
5.75893 11880
5.76555 11880
5.77218 11880
5.7788 11880
5.78542 11880
5.79205 11880
5.79867 11880
5.8053 11880
5.81192 11880
5.81854 11880
5.82517 11880
5.83179 11880
5.83842 11880
5.84504 11880
5.85166 11880
5.85829 11880
5.86491 11880
5.87154 11880
5.87816 11880
5.88478 11880
5.89141 11880
5.89803 11880
5.90466 11880
5.91128 11880
5.9179 11880
5.92453 11880
5.93115 11880
5.93778 11880
5.9444 11880
5.95102 11880
5.95765 11880
5.96427 11880
5.9709 11880
5.97752 11880
5.98414 11880
5.99077 11880
5.99739 11880
6.00402 11880
6.01064 11880
6.01726 11880
6.02389 11880
6.03051 11880
6.03714 11880
6.04376 11880
6.05038 11880
6.05701 11880
6.06363 11880
6.07026 11880
6.07688 11880
6.0835 11880
6.09013 11880
6.09675 11880
6.10338 11880
6.11 11880
6.11662 11880
6.12325 11880
6.12987 11880
6.1365 11880
6.14312 11880
6.14974 11880
6.15637 11880
6.16299 11880
6.16962 11880
6.17624 11880
6.18286 11880
6.18949 11880
6.19611 11880
6.20274 11880
6.20936 11880
6.21598 11880
6.22261 11880
6.22923 11880
6.23586 11880
6.24248 11880
6.2491 11880
6.25573 11880
6.26235 11880
6.26898 11880
6.2756 11880
6.28222 11880
6.28885 11880
6.29547 11880
6.3021 11880
6.30872 11880
6.31534 11880
6.32197 11880
6.32859 11880
6.33522 11880
6.34184 11880
6.34846 11880
6.35509 11880
6.36171 11880
6.36834 11880
6.37496 11880
6.38158 11880
6.38821 11880
6.39483 11880
6.40146 11880
6.40808 11880
6.4147 11880
6.42133 11880
6.42795 11880
6.43458 11880
6.4412 11880
6.44782 11880
6.45445 11880
6.46107 11880
6.4677 11880
6.47432 11880
6.48094 11880
6.48757 11880
6.49419 11880
6.50082 11880
6.50744 11880
6.51406 11880
6.52069 11880
6.52731 11880
6.53393 11880
6.54056 11880
6.54718 11880
6.55381 11880
6.56043 11880
6.56705 11880
6.57368 11880
6.5803 11880
6.58693 11880
6.59355 11880
6.60017 11880
6.6068 11880
6.61342 11880
6.62005 11880
6.62667 11880
6.63329 11880
6.63992 11880
6.64654 11880
6.65317 11880
6.65979 11880
6.66641 11880
6.67304 11880
6.67966 11880
6.68629 11880
6.69291 11880
6.69953 11880
6.70616 11880
6.71278 11880
6.71941 11880
6.72603 11880
6.73265 11880
6.73928 11880
6.7459 11880
6.75253 11880
6.75915 11880
6.76577 11880
6.7724 11880
6.77902 11880
6.78565 11880
6.79227 11880
6.79889 11880
6.80552 11880
6.81214 11880
6.81877 11880
6.82539 11880
6.83201 11880
6.83864 11880
6.84526 11880
6.85189 11880
6.85851 11880
6.86513 11880
6.87176 11880
6.87838 11880
6.88501 11880
6.89163 11880
6.89825 11880
6.90488 11880
6.9115 11880
6.91813 11880
6.92475 11880
6.93137 11880
6.938 11880
6.94462 11880
6.95125 11880
6.95787 11880
6.96449 11880
6.97112 11880
6.97774 11880
6.98437 11880
6.99099 11880
6.99761 11880
7.00424 11880
7.01086 11880
7.01749 11880
7.02411 11880
7.03073 11880
7.03736 11880
7.04398 11880
7.05061 11880
7.05723 11880
7.06385 11880
7.07048 11880
7.0771 11880
7.08373 11880
7.09035 11880
7.09697 11880
7.1036 11880
7.11022 11880
7.11685 11880
7.12347 11880
7.13009 11880
7.13672 11880
7.14334 11880
7.14997 11880
7.15659 11880
7.16321 11880
7.16984 11880
7.17646 11880
7.18309 11880
7.18971 11880
7.19633 11880
7.20296 11880
7.20958 11880
7.21621 11880
7.22283 11880
7.22945 11880
7.23608 11880
7.2427 11880
7.24933 11880
7.25595 11880
7.26257 11880
7.2692 11880
7.27582 11880
7.28245 11880
7.28907 11880
7.29569 11880
7.30232 11880
7.30894 11880
7.31557 11880
7.32219 11880
7.32881 11880
7.33544 11880
7.34206 11880
7.34869 11880
7.35531 11880
7.36193 11880
7.36856 11880
7.37518 11880
7.38181 11880
7.38843 11880
7.39505 11880
7.40168 11880
7.4083 11880
7.41493 11880
7.42155 11880
7.42817 11880
7.4348 11880
7.44142 11880
7.44805 11880
7.45467 11880
7.46129 11880
7.46792 11880
7.47454 11880
7.48117 11880
7.48779 11880
7.49441 11880
7.50104 11880
7.50766 11880
7.51429 11880
7.52091 11880
7.52753 11880
7.53416 11880
7.54078 11880
7.54741 11880
7.55403 11880
7.56065 11880
7.56728 11880
7.5739 11880
7.58053 11880
7.58715 11880
7.59377 11880
7.6004 11880
7.60702 11880
7.61365 11880
7.62027 11880
7.62689 11880
7.63352 11880
7.64014 11880
7.64677 11880
7.65339 11880
7.66001 11880
7.66664 11880
7.67326 11880
7.67989 11880
7.68651 11880
7.69313 11880
7.69976 11880
7.70638 11880
7.71301 11880
7.71963 11880
7.72625 11880
7.73288 11880
7.7395 11880
7.74613 11880
7.75275 11880
7.75937 11880
7.766 11880
7.77262 11880
7.77925 11880
7.78587 11880
7.79249 11880
7.79912 11880
7.80574 11880
7.81237 11880
7.81899 11880
7.82561 11880
7.83224 11880
7.83886 11880
7.84549 11880
7.85211 11880
7.85873 11880
7.86536 11880
7.87198 11880
7.87861 11880
7.88523 11880
7.89185 11880
7.89848 11880
7.9051 11880
7.91173 11880
7.91835 11880
7.92497 11880
7.9316 11880
7.93822 11880
7.94485 11880
7.95147 11880
7.95809 11880
7.96472 11880
7.97134 11880
7.97797 11880
7.98459 11880
7.99121 11880
7.99784 11880
8.00446 11880
8.01109 11880
8.01771 11880
8.02433 11880
8.03096 11880
8.03758 11880
8.04421 11880
8.05083 11880
8.05745 11880
8.06408 11880
8.0707 11880
8.07733 11880
8.08395 11880
8.09057 11880
8.0972 11880
8.10382 11880
8.11045 11880
8.11707 11880
8.12369 11880
8.13032 11880
8.13694 11880
8.14357 11880
8.15019 11880
8.15681 11880
8.16344 11880
8.17006 11880
8.17669 11880
8.18331 11880
8.18993 11880
8.19656 11880
8.20318 11880
8.20981 11880
8.21643 11880
8.22305 11880
8.22968 11880
8.2363 11880
8.24293 11880
8.24955 11880
8.25617 11880
8.2628 11880
8.26942 11880
8.27605 11880
8.28267 11880
8.28929 11880
8.29592 11880
8.30254 11880
8.30917 11880
8.31579 11880
8.32241 11880
8.32904 11880
8.33566 11880
8.34229 11880
8.34891 11880
8.35553 11880
8.36216 11880
8.36878 11880
8.37541 11880
8.38203 11880
8.38865 11880
8.39528 11880
8.4019 11880
8.40853 11880
8.41515 11880
8.42177 11880
8.4284 11880
8.43502 11880
8.44165 11880
8.44827 11880
8.45489 11880
8.46152 11880
8.46814 11880
8.47477 11880
8.48139 11880
8.48801 11880
8.49464 11880
8.50126 11880
8.50789 11880
8.51451 11880
8.52113 11880
8.52776 11880
8.53438 11880
8.54101 11880
8.54763 11880
8.55425 11880
8.56088 11880
8.5675 11880
8.57413 11880
8.58075 11880
8.58737 11880
8.594 11880
8.60062 11880
8.60725 11880
8.61387 11880
8.62049 11880
8.62712 11880
8.63374 11880
8.64037 11880
8.64699 11880
8.65361 11880
8.66024 11880
8.66686 11880
8.67349 11880
8.68011 11880
8.68673 11880
8.69336 11880
8.69998 11880
8.70661 11880
8.71323 11880
8.71985 11880
8.72648 11880
8.7331 11880
8.73973 11880
8.74635 11880
8.75297 11880
8.7596 11880
8.76622 11880
8.77285 11880
8.77947 11880
8.78609 11880
8.79272 11880
8.79934 11880
8.80597 11880
8.81259 11880
8.81921 11880
8.82584 11880
8.83246 11880
8.83909 11880
8.84571 11880
8.85233 11880
8.85896 11880
8.86558 11880
8.87221 11880
8.87883 11880
8.88545 11880
8.89208 11880
8.8987 11880
8.90533 11880
8.91195 11880
8.91857 11880
8.9252 11880
8.93182 11880
8.93845 11880
8.94507 11880
8.95169 11880
8.95832 11880
8.96494 11880
8.97157 11880
8.97819 11880
8.98481 11880
8.99144 11880
8.99806 11880
9.00469 11880
9.01131 11880
9.01793 11880
9.02456 11880
9.03118 11880
9.03781 11880
9.04443 11880
9.05105 11880
9.05768 11880
9.0643 11880
9.07093 11880
9.07755 11880
9.08417 11880
9.0908 11880
9.09742 11880
9.10405 11880
9.11067 11880
9.11729 11880
9.12392 11880
9.13054 11880
9.13717 11880
9.14379 11880
9.15041 11880
9.15704 11880
9.16366 11880
9.17029 11880
9.17691 11880
9.18353 11880
9.19016 11880
9.19678 11880
9.20341 11880
9.21003 11880
9.21665 11880
9.22328 11880
9.2299 11880
9.23653 11880
9.24315 11880
9.24977 11880
9.2564 11880
9.26302 11880
9.26965 11880
9.27627 11880
9.28289 11880
9.28952 11880
9.29614 11880
9.30277 11880
9.30939 11880
9.31601 11880
9.32264 11880
9.32926 11880
9.33589 11880
9.34251 11880
9.34913 11880
9.35576 11880
9.36238 11880
9.36901 11880
9.37563 11880
9.38225 11880
9.38888 11880
9.3955 11880
9.40213 11880
9.40875 11880
9.41537 11880
9.422 11880
9.42862 11880
9.43525 11880
9.44187 11880
9.44849 11880
9.45512 11880
9.46174 11880
9.46837 11880
9.47499 11880
9.48161 11880
9.48824 11880
9.49486 11880
9.50149 11880
9.50811 11880
9.51473 11880
9.52136 11880
9.52798 11880
9.53461 11880
9.54123 11880
9.54785 11880
9.55448 11880
9.5611 11880
9.56773 11880
9.57435 11880
9.58097 11880
9.5876 11880
9.59422 11880
9.60085 11880
9.60747 11880
9.61409 11880
9.62072 11880
9.62734 11880
9.63397 11880
9.64059 11880
9.64721 11880
9.65384 11880
9.66046 11880
9.66709 11880
9.67371 11880
9.68033 11880
9.68696 11880
9.69358 11880
9.70021 11880
9.70683 11880
9.71345 11880
9.72008 11880
9.7267 11880
9.73333 11880
9.73995 11880
9.74657 11880
9.7532 11880
9.75982 11880
9.76645 11880
9.77307 11880
9.77969 11880
9.78632 11880
9.79294 11880
9.79957 11880
9.80619 11880
9.81281 11880
9.81944 11880
9.82606 11880
9.83269 11880
9.83931 11880
9.84593 11880
9.85256 11880
9.85918 11880
9.86581 11880
9.87243 11880
9.87905 11880
9.88568 11880
9.8923 11880
9.89893 11880
9.90555 11880
9.91217 11880
9.9188 11880
9.92542 11880
9.93205 11880
9.93867 11880
9.94529 11880
9.95192 11880
9.95854 11880
9.96517 11880
9.97179 11880
9.97841 11880
9.98504 11880
9.99166 11880
9.99829 11880
10.0049 11880
